Summary:
	Block height: 4
	Block width: 4
	Number of hidden layer neurons: 54
	Learning rate: 0.001
	Learning steps: 248
	Final error: 99.66448743902882
	Final 1st layer weight matrix:
		Type = DDRM , rows = 48 , cols = 54
 8,4105E-01 -7,0583E-03 -2,1207E-01  5,1694E-01  4,8089E-01  4,5830E-01 -1,6476E-01  4,3198E-01  6,2957E-01  9,5036E-02  3,1163E-01  5,1045E-01 -7,7671E-02 -1,0276E+00  2,3217E-02  4,1712E-01 -6,0262E-01  3,4439E-01 -5,1861E-01 -1,0747E-01  1,7059E-01  7,6668E-01  5,9907E-01  1,2517E-01 -7,3829E-01  2,7740E-01 -5,1228E-01  2,3840E-03 -3,2239E-01  4,4713E-01 -2,2743E-01  5,5185E-01 -3,5336E-01  7,5745E-03 -8,2944E-01  7,6216E-01  7,0956E-01  2,5142E-01 -3,0860E-01  4,1445E-01 -5,5633E-01  1,8707E-01 -1,6630E-01 -3,0669E-01  2,2303E-01 -3,2422E-02 -8,7122E-01  7,0950E-02 -3,7806E-02  5,4281E-01 -3,0150E-01  7,4816E-01 -3,1941E-01 -5,1151E-01 
-6,4478E-02  1,6281E-01  7,4411E-01 -3,2829E-01 -3,0225E-02  7,9111E-01 -2,1069E-01  3,7642E-01 -3,0351E-01 -3,1887E-01  2,4241E-01  1,4034E-01  5,9233E-01 -5,8404E-01  1,0315E-01  7,8312E-01  5,0095E-01  2,2578E-01 -4,5958E-01 -3,8856E-01 -1,3337E-01 -1,0354E-01 -7,4407E-01  2,1655E-01  5,3981E-01 -6,4636E-01  7,7525E-01 -8,4614E-01  9,5483E-01 -1,0601E-02  2,0478E-01  4,9117E-01 -5,8828E-01  4,5232E-01 -9,5888E-02  5,2571E-02  7,9211E-02  5,4374E-01  7,5414E-01  8,4852E-01  4,7820E-01 -7,2600E-01  5,6668E-01 -2,0249E-01 -1,3232E-01  2,7744E-01 -3,4003E-01 -1,2114E-01 -1,1383E-02 -3,3927E-01 -2,0728E-01  6,1627E-01  9,5233E-02  4,8122E-01 
-4,4954E-01  5,0590E-01 -2,8296E-01  3,9480E-01  2,2507E-02  2,7078E-01 -2,6149E-01  6,5515E-01 -2,5272E-01 -8,3058E-02  7,0104E-01  7,2692E-01  7,6870E-01  9,7779E-02  7,9210E-01 -2,3684E-01 -5,8091E-02 -1,5175E-01 -3,6460E-02  2,3935E-02 -3,7330E-01 -5,5115E-01  6,5104E-03  3,2998E-01  2,8309E-01  3,4157E-01  3,5391E-01  6,6188E-02  5,4778E-01 -2,7944E-01  8,9742E-02 -5,3914E-01 -2,6750E-01  1,7175E-01 -4,2633E-01 -4,7589E-01  4,4613E-02  5,5990E-01 -1,1082E-01 -1,2677E-01  2,3242E-01  1,9346E-01 -3,9967E-01  7,0616E-02 -1,5714E-01  1,4348E-01  6,5878E-01 -3,4517E-02  5,8535E-01  4,1386E-01 -3,3032E-01 -6,0936E-01 -6,3934E-01 -7,6614E-01 
-9,5092E-01 -4,4294E-01  9,0648E-01 -4,2066E-01 -3,2690E-02  6,9084E-01 -7,7561E-01 -2,0460E-01 -7,7296E-01  6,2944E-01  2,6820E-01 -4,4887E-01 -7,0564E-01  7,1545E-01 -2,9763E-01  5,9820E-01 -4,8302E-01 -3,9733E-01 -2,9729E-01  7,8410E-01 -2,4703E-01 -1,1607E-01  9,4004E-02 -4,2556E-01 -3,6822E-01  6,7773E-01  3,3545E-01 -7,4246E-01 -4,4320E-01  3,5555E-01 -6,9948E-01 -5,5640E-01 -7,2432E-01 -6,7596E-01  6,4558E-01 -4,1636E-01 -7,0609E-01 -3,3959E-02 -6,6628E-01 -1,4302E-01  6,3410E-01 -1,6164E-02  6,9781E-01  4,7720E-01  5,2012E-01  1,8271E-01 -7,2399E-01  6,9416E-01 -2,8176E-01 -7,7500E-01 -3,5449E-01  4,5049E-02  3,4383E-01  1,3733E-01 
 1,4826E-02 -2,4030E-01 -3,1635E-01 -8,3643E-01 -7,9662E-01  6,8449E-01 -4,0155E-01  7,9753E-01 -2,5486E-01 -6,9614E-01 -2,9077E-01  7,9697E-01  5,0031E-01  6,9347E-01 -3,0919E-01 -6,6108E-01 -9,7432E-02 -3,6746E-01  4,8006E-01 -2,3983E-01  4,7295E-01  4,7219E-01  1,5439E-01 -3,8936E-01  2,6605E-01  5,7739E-01 -9,6836E-02  2,1777E-02  1,1467E-01  4,0137E-01 -8,1576E-01  3,7852E-02 -2,8090E-01  9,1031E-02 -5,4747E-02 -4,4736E-01  5,9864E-01 -5,7612E-01 -4,4884E-01 -4,5631E-02 -5,4261E-01  9,4008E-01 -4,1918E-02  2,1762E-01 -7,0243E-03 -4,9797E-01 -3,8025E-01  4,0650E-01  6,9528E-01 -3,2661E-01  6,6912E-01 -5,9910E-01 -1,9492E-02 -6,4427E-01 
 5,6908E-01 -6,4324E-01  2,8507E-01  2,0908E-01  3,5682E-01 -6,9701E-01  2,8396E-01 -9,1161E-01 -3,9356E-01  7,5889E-02 -5,1575E-01  2,0755E-01 -2,2467E-01 -2,0055E-01  3,3397E-02 -6,1571E-01  5,5179E-01  1,5933E-01  1,3678E-01  3,5927E-01 -8,8940E-01 -6,2221E-01  4,9907E-01  1,4905E-01 -6,0648E-02 -5,8013E-02 -1,9122E-01  3,1302E-01  1,7118E-01 -5,0990E-02 -4,5079E-02  1,3726E-01 -3,7362E-01  2,2013E-01  2,7558E-01 -7,2488E-01  3,1878E-02 -6,1924E-01  4,9376E-01 -3,8215E-01 -1,3660E-01 -4,5258E-01 -3,5458E-01 -5,7132E-01 -2,5549E-01  5,7287E-01  6,1246E-01  4,3998E-03 -7,3080E-01  4,9224E-01 -1,2370E-01  8,2756E-02  5,2517E-01  6,7804E-01 
 1,8789E-01  9,9061E-02 -5,9642E-01  1,2792E-01  5,1041E-02  1,2784E-01  4,5177E-01  4,8011E-01  3,5324E-01  1,5001E-01  1,8230E-02 -1,5730E-01  1,1022E-01 -9,8645E-01  1,2503E-01 -4,9517E-01  4,3504E-01 -2,8060E-02  2,2261E-01  2,2566E-01 -4,0018E-01 -1,0331E-01 -5,3817E-01 -1,0435E-01  4,4974E-01  1,1098E-01 -1,7300E-01 -3,4971E-01  3,8126E-01 -8,5897E-01  2,4047E-01  6,8233E-01  1,2437E-01  1,8779E-01 -3,7250E-01 -8,5912E-01  1,3802E-02 -2,5152E-01  7,3600E-01  1,8787E-01 -3,4640E-01  2,9909E-01 -2,9826E-01 -4,0278E-01 -6,8555E-01  3,1920E-01  5,3965E-01  4,3217E-02  2,3073E-02  1,7401E-01 -2,6210E-01  3,9127E-01  5,1124E-01  1,5055E-01 
-3,3121E-02 -5,7106E-01 -5,8320E-02 -3,4882E-01 -7,5081E-01 -2,0009E-01 -5,9879E-01 -1,6165E-02 -2,5699E-01  3,4484E-01  6,7088E-01  6,6577E-01 -3,0236E-01 -9,7099E-02  8,2520E-01 -3,1251E-01 -6,2252E-01 -2,1475E-01 -1,1735E-01 -2,6605E-01 -1,2728E-01 -5,0564E-01  5,7348E-01  4,7742E-01  1,2266E-01 -8,9099E-01 -2,4843E-01  3,5271E-01  6,1305E-01  2,1742E-01  6,4163E-01 -6,1257E-01 -6,9499E-01 -3,2778E-01 -3,1362E-01 -4,4699E-01  5,1025E-01 -7,2831E-02 -3,7361E-01 -2,4822E-01  4,3470E-01 -6,0501E-01  1,6251E-01 -5,0476E-01  3,1211E-01 -2,8091E-01  8,2265E-01  5,5675E-01  3,7965E-01  7,7131E-01 -7,1590E-02 -4,2824E-01  7,8737E-02 -1,5137E-01 
 2,4838E-01  5,4614E-01  4,9078E-01  1,5051E-01  1,6913E-01 -2,4490E-01 -5,2072E-01  3,1671E-01 -1,3175E-02 -3,3793E-01 -2,7858E-01  1,8059E-02  2,1535E-01  6,7329E-02 -5,1603E-01 -5,5439E-01 -5,7580E-02 -1,2726E-01 -9,3557E-02 -4,6767E-01  1,7481E-01  2,3239E-01  2,1835E-01  6,1554E-01  2,2044E-01  1,6126E-01 -2,1180E-01 -3,1058E-02 -3,4200E-02  3,7353E-01 -6,9623E-01 -3,5994E-01  3,5566E-01 -1,8995E-01  2,4651E-01  6,3971E-01  3,1669E-01 -1,2599E-01 -7,9409E-01 -1,8016E-02  2,3076E-01 -5,0367E-01 -3,3516E-01  2,4196E-01 -2,5263E-01 -5,7425E-01 -4,3850E-01 -3,3062E-01  6,3100E-01  5,2893E-01 -2,7154E-01 -4,2788E-01 -2,3239E-03  5,2821E-01 
 3,5035E-01 -3,7121E-01  4,2794E-01 -2,3592E-01 -4,1487E-01  4,8047E-01 -3,8937E-01 -4,7995E-01  8,2711E-02  5,3177E-01 -3,1209E-01  4,2733E-01 -7,3909E-01 -1,7337E-01 -7,1596E-01 -8,4213E-02  5,3740E-01  1,0533E-01  1,2240E-01 -5,3390E-03  5,7177E-01 -1,8773E-01  2,5233E-01 -2,1024E-01 -7,2822E-01 -1,7090E-01 -3,6102E-01  9,0774E-02 -1,9410E-01  1,4306E-01 -6,0483E-01 -3,4482E-01 -2,2436E-01 -6,8116E-01  8,9810E-02  5,8491E-01 -2,8313E-01 -4,1557E-01  4,2945E-01 -8,1144E-01  1,9413E-01  1,9086E-01  2,2307E-01  1,3354E-01  4,1826E-01  1,4126E-01 -4,2711E-01 -4,3660E-01 -2,7473E-01  6,7764E-01  3,9771E-01 -2,0938E-01  5,8342E-01  3,9901E-01 
 3,8808E-01  2,7110E-01 -7,2038E-01 -1,0502E-02  8,1057E-01 -1,5604E-01  7,3440E-01  2,5571E-02  3,8542E-01  3,6022E-01  2,0760E-01 -4,4190E-01  7,8885E-01 -6,5355E-01 -9,2107E-03  7,9680E-02  3,0081E-01 -3,5674E-01  3,0770E-01  2,1975E-01 -1,1173E-02 -5,2274E-01 -4,5771E-01 -3,0849E-01 -6,5019E-01  7,3923E-01  3,6662E-01  1,9713E-01 -2,1496E-01 -1,6829E-01  7,7858E-01 -5,6713E-02  1,0394E+00  6,1113E-01 -9,1302E-02 -3,3785E-01 -5,4671E-01  4,6057E-01  7,4675E-01  9,7290E-01  3,5164E-01 -3,4286E-02 -4,9609E-01  9,8140E-02  7,9765E-02 -2,0119E-02 -6,7862E-01 -3,6983E-01 -4,0508E-01  1,4995E-01  1,4805E-02  3,6481E-01 -3,4443E-01  5,6834E-01 
-8,4499E-01  8,2505E-02  2,6929E-01 -4,0673E-01 -5,5495E-01 -4,3788E-01 -3,1343E-01 -3,7045E-01  8,4593E-02 -3,0731E-01 -2,2075E-01 -3,2122E-01 -6,1845E-01  8,2954E-01  3,8391E-01 -1,3423E-01 -2,3436E-01  5,8364E-02 -4,1225E-01  1,5589E-01 -4,1281E-01  3,1541E-01  7,2974E-03  2,0067E-01  7,3642E-01 -5,3645E-01  6,8534E-02 -4,7768E-01 -1,6674E-01 -1,4313E-01 -6,8185E-02  6,7569E-02 -5,1257E-01  2,7092E-01  4,0740E-01 -5,8409E-01  3,7344E-01 -3,0521E-01 -1,7152E-01 -5,7723E-01 -6,4680E-01  3,4443E-01  2,5958E-01 -4,2347E-01 -1,4666E-01 -5,2564E-03  7,2563E-01  6,7418E-01 -3,0676E-01 -8,2292E-01 -1,1627E-01 -5,0319E-01  2,9273E-01 -5,5439E-01 
-6,0376E-01  3,2025E-01 -4,1590E-02 -3,0411E-02 -5,9460E-01 -3,9940E-01  1,6745E-02  3,2327E-01 -4,1240E-01 -3,9795E-01  2,0099E-01  1,6036E-01  3,4120E-01  7,1408E-01 -7,1960E-01 -2,6011E-01 -2,0458E-01 -2,9769E-01  2,2583E-01  4,6715E-01 -2,1017E-01 -4,8871E-01  2,3053E-01  3,3798E-01  6,4640E-01  3,0776E-01  3,1091E-02  1,6538E-01  5,7773E-01 -3,5023E-01  1,3664E-01  4,0587E-01 -1,8280E-01  2,5899E-01  2,3764E-01  1,3654E-03  7,0290E-01 -4,2294E-01 -2,5751E-01 -8,4786E-02  1,2433E-01  1,2723E-01  2,4776E-01 -1,2542E-01 -7,3466E-02 -4,9701E-01 -1,3530E-01 -2,1169E-01 -5,4935E-01  4,9412E-01 -5,8455E-01 -7,2861E-01  5,4314E-01  3,7847E-01 
-1,0887E-01  1,0230E-01 -5,4209E-01  6,1698E-01  9,1262E-01 -3,1025E-01  3,8441E-01 -2,1062E-01  3,8660E-01 -2,8181E-01  2,5209E-01 -4,9138E-01  4,1081E-01  3,8750E-01 -1,1333E-02 -2,0636E-01 -2,6695E-01  4,6031E-01 -2,0736E-01  5,1459E-01 -4,8517E-01 -4,4337E-01 -4,9393E-01 -6,5967E-01 -1,2000E-01  4,6565E-01  3,1499E-01 -3,2329E-02 -5,8121E-01  2,8196E-01 -2,9136E-02 -5,3671E-01  4,3466E-01  1,5015E-01  3,5729E-01  2,4232E-01 -7,3070E-01 -5,1420E-01 -5,2633E-01 -7,4267E-01  6,3835E-02 -5,5851E-01  4,5677E-01  3,8296E-01  5,0488E-01  3,4543E-01 -3,1495E-01  7,1819E-01  1,0940E-03 -4,1172E-01  4,3354E-01 -2,9049E-01 -4,6330E-01  3,2832E-01 
 8,8747E-02 -8,2388E-01 -7,4350E-02  2,2991E-01  1,6034E-01  3,8598E-01 -7,7451E-02  5,1131E-01 -7,1812E-01  5,5221E-01 -7,4778E-01 -3,8714E-01 -9,2297E-01 -5,7580E-01 -1,5207E-01  4,6064E-01 -5,2253E-01 -3,2439E-01 -8,4424E-02 -1,9341E-01  7,5113E-01  7,1728E-01  9,3574E-02  4,0917E-01  5,7842E-02  3,4521E-01  5,9203E-01 -3,9914E-01 -6,8696E-02  5,6845E-01 -3,3963E-01 -1,7631E-01 -1,7007E-01 -1,7681E-01 -2,7553E-01  3,2874E-01  2,7272E-01  3,0642E-01  7,9213E-01  6,3463E-01  3,9436E-01  3,3162E-01 -8,3886E-01 -4,2079E-01 -2,5279E-01  6,4024E-01  2,0739E-01  2,4144E-01 -4,0377E-01  6,5242E-02  2,5225E-01 -6,4454E-02 -1,8847E-01 -5,3253E-01 
 7,4991E-01 -1,0587E+00 -2,2811E-01  1,8959E-01  2,4129E-01  1,6037E-01 -2,8865E-01 -1,0794E-01  1,8204E-01 -1,5957E-01 -6,4136E-01  4,5349E-01 -1,1278E-01  6,2513E-01 -2,6633E-01 -2,8186E-01 -1,8374E-02  1,9286E-01  4,9237E-01 -2,7164E-01 -2,9747E-01  2,4906E-01 -2,1679E-01 -2,4534E-01 -1,6304E-01 -7,3744E-01  3,4356E-01  1,3544E-01 -1,5100E-01 -1,5275E-01 -2,6004E-01 -8,8072E-01  6,6056E-01 -2,1223E-01  5,6353E-01  3,6301E-01 -1,2717E-01 -1,5558E-02  7,5262E-02 -8,5802E-01 -7,7331E-01 -3,1493E-02  3,7935E-02  2,4790E-01 -5,5506E-01  2,5066E-01  3,6683E-01  7,2773E-01 -5,1347E-01 -2,0843E-01  4,6548E-01 -6,6460E-01  7,0083E-01 -6,5434E-01 
-7,2338E-01  5,4342E-01  7,0479E-01  2,4772E-01 -6,6456E-01 -9,3003E-02  5,6745E-01 -1,8773E-01  1,9086E-02 -8,8123E-02 -2,3985E-01 -7,5840E-01  2,1023E-01  5,1887E-03 -1,6309E-01  7,5299E-01  1,9241E-01 -3,1541E-01 -5,7610E-01  6,4008E-01  1,0995E-01  4,0247E-01  8,0254E-01 -4,5289E-01 -4,5998E-01  4,6682E-01  5,1292E-01 -8,7609E-02 -3,0272E-01  7,1424E-01  2,6818E-01  1,7032E-01  4,1608E-01  3,1472E-01 -8,7377E-01  4,2389E-01  5,0107E-01  2,3136E-01 -1,0448E+00  6,7525E-01  3,5419E-01  8,7169E-01 -2,3832E-02  4,9111E-01  4,4393E-01  2,6509E-01  1,7879E-01 -4,3371E-02  3,0656E-01 -2,7998E-01 -6,7436E-01  1,6877E-01 -8,1320E-01  5,2198E-02 
-5,4887E-01  4,3778E-01  1,2758E-01  2,2753E-02  3,1068E-01 -1,9652E-02 -4,1660E-01  2,0707E-01 -4,0462E-01  2,9367E-02  3,9036E-01 -3,3706E-01  2,5210E-01  6,5476E-01  1,4904E-01 -7,7449E-01 -6,4378E-01 -1,9195E-01  3,7253E-01 -6,5565E-02  4,4494E-01 -5,4311E-01 -1,5793E-01  1,2135E-01  9,2478E-01  4,5201E-01 -6,4303E-01  7,9671E-01 -3,0563E-01 -1,8217E-01  3,2031E-02  3,2998E-01 -6,8797E-01 -4,5272E-02  6,8677E-01 -5,4922E-01 -5,5608E-01 -7,1027E-01  1,5898E-01  5,2679E-01  6,2118E-01 -8,9420E-01  4,5755E-01 -4,0037E-01 -2,2693E-01 -2,1008E-01 -2,7201E-01 -1,9293E-01 -1,8000E-01 -1,4002E-01  3,2630E-02 -6,0613E-01  3,0292E-01 -2,7574E-03 
 3,8718E-01  1,8804E-01 -1,0947E-01 -3,7768E-01 -7,5205E-01 -6,4308E-01 -7,3573E-01 -6,2857E-02 -3,7704E-01  4,0403E-01  1,0783E-01 -1,9094E-01 -1,0990E-01  5,1666E-01  8,6799E-01 -5,8319E-01 -1,3020E-01 -4,4260E-01  2,0359E-01 -5,0888E-01 -1,8651E-01 -7,4469E-01  1,5084E-01  4,9611E-01 -7,1508E-03  1,3020E-01  6,3871E-01  5,2685E-01 -3,9050E-01 -4,9423E-01 -8,8092E-02  1,7074E-01 -1,9878E-02 -7,8695E-02  5,9380E-01 -2,6746E-01 -1,0573E-01 -8,5244E-01  2,6571E-01 -1,0653E-01  2,5234E-01 -1,2308E-01  2,5807E-01 -2,0244E-01  2,2028E-01  4,8208E-01  6,6897E-01  1,8243E-01  8,2682E-02  1,9826E-02  8,0447E-01  2,3502E-01 -1,8094E-02 -5,8352E-02 
-5,1723E-02 -5,5471E-01 -2,4606E-01 -4,8007E-01  5,1821E-01 -4,5406E-01  8,0515E-01 -4,2547E-01  3,0650E-01  4,8686E-01 -2,9681E-01 -2,6402E-02 -4,0172E-01 -4,1608E-01 -3,9161E-01  7,5965E-03  3,6876E-01 -9,0433E-03 -2,2718E-01  3,7850E-01  4,3701E-01 -1,4623E-01 -2,3786E-01  4,9586E-01  1,6990E-01 -1,8303E-01  2,1687E-01  3,7480E-01 -9,9323E-02 -2,1390E-01  4,1051E-01  4,3953E-01  3,5870E-01  4,1598E-01  4,5683E-01  5,4106E-01 -4,5714E-01  6,3231E-01  7,0771E-01 -4,0040E-01 -2,9057E-01 -5,9056E-01 -8,5303E-01  7,0437E-02 -6,9384E-01 -4,7654E-01  2,8673E-01 -6,6508E-01 -9,8343E-01  1,7743E-01 -4,0127E-01  2,6546E-01  6,0433E-01  5,0120E-01 
-3,5747E-01  8,0649E-02 -4,7647E-02  3,0708E-01  5,1254E-02 -2,2959E-01  1,2500E-01 -3,2407E-01 -7,9091E-02 -7,2550E-01  2,0906E-01 -6,1077E-01 -5,4908E-02  5,0573E-01  1,9844E-01 -1,8228E-01 -9,3771E-02 -2,6090E-01  5,2297E-01 -6,1797E-01 -5,4738E-01 -1,5885E-01 -7,7394E-01 -4,4199E-01 -2,1731E-01  2,1236E-01  9,7329E-02 -1,7776E-01  2,1969E-01  1,5499E-01 -6,7986E-02 -6,4082E-01 -3,2011E-01 -5,5014E-01 -2,8210E-01 -9,4730E-01 -2,6441E-01  1,2173E-01  9,0412E-02  4,4760E-01  1,8447E-01  5,1180E-01  3,7330E-01  6,6096E-01 -1,7550E-02  7,8805E-01 -1,5105E-01  5,8798E-01  6,0872E-01  6,8291E-02 -1,4397E-01 -4,4419E-01 -5,1365E-01 -5,6015E-02 
-2,6008E-01  1,5568E-01  1,2105E-01 -5,8058E-01  1,6995E-01  2,0636E-01  6,3616E-02 -4,9795E-01 -6,6951E-02  3,6670E-04 -1,5735E-01  6,3499E-01  2,9116E-01 -5,8601E-01  2,5086E-01  1,4968E-02  1,7899E-01  7,4002E-01  2,4353E-01  7,2065E-01 -1,0521E-01  5,7661E-01  4,2720E-01 -6,0026E-01 -7,2767E-01  2,7675E-01 -6,4980E-01 -7,0934E-01  7,3769E-02  1,6506E-02 -2,3285E-02  4,3554E-01 -3,9517E-01  5,3794E-01 -4,3087E-01  6,3358E-01  4,6225E-01  4,8671E-01 -8,7922E-01  8,9091E-01 -5,0542E-01  9,6056E-02  5,2610E-01 -1,2811E-01  6,7514E-01 -7,4569E-01 -5,2595E-01  2,7985E-01  4,9253E-01 -5,9012E-01 -2,8988E-01  5,3413E-01  6,4119E-02  4,2896E-01 
-7,2351E-01  1,9163E-01  5,4690E-02  6,7150E-01 -2,7672E-02  6,4515E-02 -1,6979E-01  9,5092E-01  5,6169E-01 -1,9787E-01 -3,6502E-01 -4,2004E-01  6,0707E-01  9,9414E-01 -9,7369E-02  4,8638E-01 -2,3094E-01 -9,4751E-02 -2,1377E-01 -7,2598E-01 -3,5524E-01  1,7523E-01 -6,0755E-01  6,9422E-01  3,2230E-01 -1,2592E-01 -3,2170E-01  2,4099E-01 -2,4433E-01  4,9367E-01 -1,2745E-01 -7,1771E-01 -3,1747E-01  3,3632E-02 -5,2964E-01  3,4662E-01 -2,0998E-01 -3,7560E-01  1,7432E-01 -6,2923E-01  4,8682E-01 -2,0427E-01  2,0041E-01 -4,0958E-02 -5,8933E-01  7,5668E-02  5,0576E-01  1,3601E-01  1,2437E-01 -1,4254E-02 -1,7067E-01  2,4971E-02 -4,7700E-01 -5,0976E-01 
 5,9789E-01 -3,9446E-01  2,8489E-01 -5,9247E-01 -1,6062E-01 -2,6652E-02 -5,7654E-01 -1,9749E-01 -8,2088E-01 -1,8609E-01  7,9241E-02  5,6863E-01 -1,6770E-01 -4,5391E-01 -5,2287E-01 -3,6328E-02  4,0947E-01 -8,0010E-02  8,6350E-02  6,2522E-01  6,3896E-01  1,6268E-01  6,0644E-01 -2,7083E-01  4,4886E-01  1,8291E-01  5,4263E-01  3,5298E-01  3,6334E-03 -3,6907E-01 -5,7280E-01 -5,7135E-01 -4,3948E-01 -5,1883E-01  6,3735E-01 -6,0559E-01 -5,1796E-02 -3,2143E-01 -3,8891E-01  1,1903E-01  1,0875E-02  5,7109E-01  3,1437E-01  1,4160E-01 -3,7940E-02 -6,7829E-02 -6,3004E-01  4,3568E-01  3,0792E-01 -4,0857E-01  2,2921E-01 -1,3631E-01  1,0933E-02 -5,7804E-01 
 5,3640E-01 -5,9445E-01  2,0610E-01  5,0719E-01  3,8622E-01  9,6489E-01  1,2999E-01  7,3449E-01 -5,9221E-01  9,5579E-01 -2,0599E-01  4,2529E-01  5,7825E-01 -7,0199E-01 -2,2822E-01  8,1986E-01  6,5839E-01  2,1818E-01 -7,7372E-01  4,1971E-01  5,1458E-02  2,6828E-01 -8,6745E-01  2,1079E-01 -8,0301E-01  6,0784E-01  3,1809E-01 -5,3010E-01  6,7849E-01  5,8247E-01 -1,1593E-02  4,1968E-01 -6,6477E-01 -5,3776E-02 -5,3751E-01  4,3186E-01  8,8880E-01  3,0924E-01  9,1845E-01  2,6896E-01 -5,7883E-01 -1,6402E-02 -9,0992E-01 -2,5059E-01  2,6328E-01  1,1055E-01 -7,4627E-01 -2,4094E-01 -6,7338E-01  4,3382E-01 -2,9091E-01 -1,9820E-01  3,8114E-01  6,7475E-01 
 4,7757E-01 -2,1069E-01 -4,2433E-01  3,2427E-02 -7,0205E-01 -2,3017E-01 -4,3186E-01  4,4652E-01 -2,2870E-01 -4,9660E-01 -2,7865E-01  3,9953E-03 -6,4938E-01 -4,0533E-01 -3,6357E-01 -4,7153E-01 -3,8570E-01  2,3719E-01 -8,5992E-02 -3,8202E-02 -5,7475E-01  9,2954E-02  1,9349E-01  6,5472E-02  2,4542E-01 -1,4383E-01 -1,6301E-01  5,0886E-01 -1,9797E-01 -4,9180E-01  1,7259E-01 -2,6377E-01 -3,4643E-01  2,7284E-01  2,6973E-01 -8,7270E-01 -5,4641E-01  3,4280E-01  3,8806E-01  4,4446E-01  4,0442E-01 -3,2185E-01  3,4984E-01 -4,6010E-01  1,1208E-01  2,0582E-01  1,9425E-01  5,6360E-01  5,8262E-01 -5,0280E-01  1,3271E-01  1,3838E-01  3,1121E-01 -4,6718E-01 
-5,7553E-01  1,2669E-01 -4,7698E-02 -8,0299E-02  4,8442E-01  3,6578E-01 -4,1208E-01 -6,7492E-01 -8,1470E-02 -6,0716E-02  5,2203E-01  1,2148E-01  1,2749E-01 -6,4370E-01  6,2804E-01  3,9360E-01 -6,3575E-01 -4,3543E-01 -2,6529E-01 -1,7400E-01  3,3425E-01 -6,7974E-01 -2,6083E-02  4,5595E-02 -7,6924E-01  1,7742E-01  5,5162E-01 -7,9110E-01  6,3689E-01 -6,6815E-01 -6,9639E-01  2,7486E-01  7,8701E-03 -4,0307E-01 -5,9752E-01 -1,8364E-01 -4,1995E-01  9,1844E-02 -1,9869E-01 -4,5945E-01 -7,8258E-01  1,0849E-01  5,4834E-01  5,2734E-01  3,1597E-01  6,4117E-01 -1,6001E-01 -8,3053E-01 -7,8011E-01  5,9196E-01  3,0394E-01  7,3841E-01 -1,9009E-01  1,2689E-01 
 3,9204E-01 -3,2086E-02 -6,0294E-01  5,5636E-02  5,9307E-01 -9,4022E-01  4,8456E-01 -8,3282E-01  1,6092E-01 -5,9220E-01 -4,8975E-01 -8,6615E-01 -3,9068E-01  2,0191E-01 -4,0785E-01  2,7776E-01  5,7658E-01 -7,3025E-01  3,5482E-01  7,6404E-01  7,9258E-01 -4,6213E-01  6,9446E-02 -6,1383E-01  8,1736E-02  7,1922E-01 -3,5820E-01  2,1763E-01 -5,6328E-01  3,5400E-01  6,2821E-05  2,5791E-01  6,7396E-01 -3,4714E-01 -2,6401E-01  2,0802E-01 -6,8855E-01  4,4425E-01  4,8713E-01 -4,9907E-01  4,2773E-01  4,7275E-01  4,3328E-01  6,3384E-01  8,8793E-01 -5,5337E-01  4,2969E-01  1,0053E-01 -4,9606E-01  6,8521E-03  4,1894E-01 -9,5729E-02  3,8509E-01  7,3598E-01 
-5,9766E-01 -4,3110E-01  5,8979E-02  4,8723E-01  6,8532E-01 -1,0757E-01  1,5618E-01 -3,7610E-01 -4,1196E-01  3,0917E-01 -1,7306E-01  3,1820E-01  1,2237E-01  1,2150E-01  1,0963E-02 -7,5187E-01 -6,9176E-01  5,8020E-01 -2,9325E-02 -7,2132E-01  4,3642E-01  5,2736E-01 -1,4005E-01  2,1400E-01  5,5673E-01 -4,7103E-01 -6,2082E-01  3,2469E-01  5,2770E-01 -8,4581E-01  5,2104E-01  9,0029E-02  5,1739E-01  7,0674E-01  3,3957E-01  2,0680E-01 -3,9585E-01 -6,7916E-01  8,9120E-02 -5,2282E-01  1,5189E-01  3,6031E-01 -7,7860E-02  2,6815E-01 -2,7525E-01  1,1459E-01 -6,5005E-01  3,8144E-01 -6,2817E-01 -2,5567E-01 -4,4355E-01  3,9103E-01 -2,5617E-01 -4,1727E-01 
 1,2158E-01  8,5980E-01 -1,6870E-01  2,1143E-02 -1,0318E+00 -3,1010E-01 -1,6063E-01  5,9031E-01  3,5552E-01 -1,2054E-01 -5,3139E-01 -7,4937E-01 -1,3934E-01  3,0060E-01  7,8549E-01  4,5210E-01  6,1019E-01  3,3605E-01 -4,8677E-02 -4,5187E-01 -6,4784E-01 -4,2044E-01 -4,8861E-01 -5,0492E-02 -1,6671E-01 -5,6433E-01  8,0759E-01 -2,1736E-01 -5,9611E-01  1,7307E-01  9,4574E-02  5,7680E-02 -1,5412E-01 -9,4997E-02  7,4357E-01 -1,0703E+00  3,6010E-01  1,2232E-01 -3,5092E-01  2,3816E-01  3,7373E-01 -7,4660E-01  7,9138E-02 -3,2606E-01 -7,3131E-01 -1,2941E-01  8,1432E-01 -7,1635E-01  8,1046E-01  3,6769E-01  6,0787E-01 -1,8036E-01 -4,6508E-01 -5,6101E-01 
-1,9122E-01 -3,1257E-01 -4,6022E-01  5,7855E-01 -2,2571E-01 -4,4437E-01  5,5197E-01  1,7277E-01  5,7666E-01  3,5460E-01  5,3412E-01  6,4929E-01 -2,2766E-01 -7,1442E-01 -2,7191E-01 -2,4606E-01  7,7278E-01  3,7956E-01 -3,5329E-01 -3,0489E-01  3,8227E-01 -2,1862E-01  1,0462E-01  6,7664E-01 -1,7523E-01 -6,1829E-01 -4,8034E-01 -3,9770E-02  7,4026E-01  2,8314E-01 -5,8684E-01  4,9292E-01  3,1090E-01  6,2494E-02 -1,1394E-01 -1,4859E-01 -5,8689E-03  4,0020E-01  1,3038E-01  7,3276E-01 -2,8405E-01 -2,7005E-01  9,8309E-02  2,0968E-01 -1,9557E-01  2,8949E-01 -6,8518E-01 -6,2311E-01 -3,1882E-01  4,5794E-01  7,8909E-02  3,9592E-01  4,5322E-01  4,3326E-01 
 3,9051E-01 -2,2983E-01 -3,9973E-01 -2,1918E-01  1,8393E-01  4,5619E-01 -2,9161E-01 -4,9118E-01 -4,6630E-01 -5,0210E-01  5,3962E-01 -7,4420E-01 -6,8873E-01 -3,8793E-01  7,0738E-02 -7,8004E-01 -2,2419E-01 -6,0848E-01 -3,5331E-01  4,2573E-01 -2,2778E-01 -6,9260E-01  4,8505E-01  2,5005E-01 -5,5636E-01 -2,3751E-02  6,2961E-01  3,3750E-02 -6,7646E-01 -7,5431E-01  4,2763E-01  4,6628E-01 -1,3520E-01 -8,7709E-01 -6,0973E-01  4,1329E-01 -2,8360E-01  3,5303E-01  4,1027E-01 -3,1926E-01 -6,5343E-01  4,2051E-01 -2,7700E-01 -3,0854E-01  6,1229E-02 -3,7868E-01  2,3711E-01 -3,2804E-01  4,4479E-01  5,1608E-01  4,0032E-01  5,6144E-03  4,8431E-01 -4,5661E-01 
-4,9283E-01 -1,9554E-01  7,0778E-01  4,9399E-01 -1,1449E-01 -5,8283E-01 -2,3114E-01 -2,4041E-01 -2,3187E-01  3,9619E-01 -1,7021E-01 -1,2458E-01  3,9401E-01  4,1754E-01  5,8481E-01  8,2974E-01 -4,4062E-01 -4,1047E-02  9,4700E-01 -9,7513E-01 -3,0767E-01 -1,4962E-01 -8,5925E-01 -5,1638E-01  6,6760E-02 -4,9693E-01  1,1796E-01  1,0098E-01 -5,2763E-01 -3,6029E-01  4,8944E-01 -1,9095E-01  5,4242E-01  4,4843E-01  5,8097E-01 -4,9704E-01 -2,0779E-01 -2,7048E-01  1,9289E-01 -5,4769E-01  2,8850E-01 -1,3882E-01  1,8811E-01 -4,0041E-01 -1,6665E-01  5,1495E-01  3,3313E-01  1,0450E-01  1,1315E-01 -5,0374E-01  2,8784E-01  2,2523E-01 -5,9777E-01  1,0481E-01 
 3,9326E-01  6,8262E-01  5,7491E-01  3,7220E-01 -5,0954E-01 -4,7380E-01  5,3214E-01  6,6890E-01  6,6919E-02 -7,2631E-02  9,0378E-02 -7,8379E-01  6,1890E-01  4,5764E-01  7,6083E-01  3,1537E-01 -1,9940E-01  3,1067E-02 -1,7432E-01 -1,0445E+00  1,9269E-01 -3,3822E-01 -1,9111E-01  3,9209E-01  2,3583E-01 -2,5247E-01  6,4995E-01 -6,0779E-01  3,6927E-01 -1,1212E-01  9,5987E-02 -5,5900E-01  5,1673E-02 -2,0028E-01 -3,2020E-01 -8,0869E-01 -1,8629E-01  7,1337E-01  2,6732E-01 -2,8468E-01 -1,9345E-01  8,7417E-02 -2,2701E-03 -5,5813E-01 -3,7852E-01 -1,5182E-01  2,6106E-01 -5,6332E-01  1,6869E-01 -6,4980E-01 -6,1005E-01  1,6244E-01 -7,1054E-01 -8,1248E-01 
 1,3825E-01  4,0321E-01  3,4059E-01  4,9974E-01  4,8912E-01  6,5194E-01  6,1631E-01 -2,7515E-02  7,0464E-01  3,6462E-01 -4,2359E-01 -1,6636E-01 -6,7157E-01  2,8502E-01 -2,5812E-01  8,7533E-01  5,8361E-01  5,7001E-01 -6,7179E-01  6,8052E-01  4,5116E-01 -3,8779E-02 -7,2987E-01 -2,0610E-01  3,7481E-01  3,4231E-01 -1,2419E-01  3,3132E-01  8,6060E-02 -3,2738E-01  3,4829E-01  1,5734E-01  4,3432E-01  2,9157E-01 -2,5984E-01  5,7814E-01  3,8160E-02  2,0793E-01 -5,3672E-01  2,0941E-01 -1,2481E-02  3,7883E-01 -2,5379E-02  3,0735E-01 -4,3913E-01  5,9755E-01 -5,4512E-01  1,5894E-01 -3,8755E-02 -2,2871E-01  9,1493E-01  2,3686E-01 -5,9430E-01  4,5840E-01 
-2,7612E-01  5,0550E-02 -7,4909E-01 -2,4748E-01 -4,0426E-01  6,5429E-01 -8,2536E-01 -4,8653E-01  1,4949E-01 -7,0306E-01 -3,1951E-01  9,1595E-01  7,3934E-01 -6,1659E-01  7,4320E-01  2,5592E-01  2,4305E-01  7,6358E-01  8,7751E-01 -4,7393E-01 -3,7066E-01  6,3040E-01  5,7037E-01 -2,0223E-01 -6,2008E-02  2,9725E-01  5,8673E-01 -4,0025E-01  6,5182E-01 -1,9422E-01  2,0438E-01  6,5999E-01 -6,5303E-01 -6,1759E-02 -3,1883E-01 -5,7345E-01 -3,8867E-01 -2,2111E-01 -6,2277E-02  8,0101E-01  5,1235E-01 -6,6953E-01  4,6709E-01 -1,6653E-01  8,6641E-01 -8,1360E-01 -1,7507E-01 -5,6069E-01  5,2598E-01 -5,4853E-01 -6,8196E-01  3,9039E-01 -6,7489E-01 -2,0830E-01 
-2,4031E-01  6,2184E-01  1,1110E-01 -3,1354E-01 -6,7232E-01  3,1779E-01 -4,1941E-01  8,4738E-01  1,3396E-01 -4,5813E-01  4,8125E-01  6,6701E-01  2,6601E-01 -1,6254E-01  2,1302E-01 -3,0056E-01 -1,0167E-01 -6,1727E-02 -3,6737E-01  3,1876E-01 -3,4891E-01  5,9951E-01  4,7641E-01  9,6636E-04  6,1952E-01  1,9600E-01 -6,5719E-01 -5,8155E-01 -3,6021E-01  2,2067E-01  3,0429E-01 -8,6541E-01 -1,9323E-02 -1,3898E-01 -3,4876E-01  3,8571E-02 -1,7919E-01 -3,5594E-01 -6,6357E-01  1,2638E-01  6,6664E-01 -6,0939E-01 -3,4547E-01  1,0880E-01 -2,0362E-01 -5,2692E-02  4,2398E-01  4,8562E-01 -3,3005E-01  1,6466E-02 -5,5949E-01  6,7859E-02 -2,1277E-01  1,3923E-01 
 8,9257E-01  7,8913E-01 -1,6856E-01 -1,1554E-01  5,7545E-01  5,4652E-01  9,2794E-01 -4,1576E-01  1,6934E-02  5,6476E-01 -7,5485E-02 -6,0516E-01 -8,9313E-02 -5,2787E-01 -1,2145E-01  1,1030E+00  5,5737E-01  8,0959E-01  1,6447E-01 -2,2109E-01  4,0677E-01 -6,7421E-01 -4,5587E-01  3,6478E-01 -7,9381E-01 -5,7061E-01  5,2017E-01  2,6939E-01  3,7705E-01  4,2922E-02 -1,3696E-01  1,5125E-01  4,3632E-01 -5,4163E-01 -9,3078E-01  2,1468E-01  2,0021E-01  7,9579E-01  9,0522E-01  1,8351E-01 -2,7733E-01  4,4261E-01 -6,5371E-01 -2,0815E-01  3,4249E-01 -1,4482E-01 -1,3143E-01 -7,4998E-01 -4,9401E-01  3,8596E-01  1,8417E-01  8,4781E-01 -4,1398E-02 -2,1972E-01 
-5,0967E-01 -7,1919E-01  2,3536E-01 -2,9609E-01  5,3132E-02  4,5108E-01 -2,9897E-01 -2,1789E-01  1,4441E-01 -3,2830E-02  3,4917E-01 -1,8745E-01  7,4159E-01  3,3043E-01 -1,5328E-01  2,8255E-01  4,6201E-01 -8,6682E-02 -1,6648E-01 -1,0788E-01  3,5687E-02  6,8620E-01 -6,3319E-01 -1,9049E-01 -3,9277E-01  6,3467E-01 -8,4989E-02 -5,6834E-03  4,7336E-01  2,7292E-03  4,2511E-01  6,8104E-01 -2,7228E-02  8,5642E-01  5,4619E-01  4,3513E-01 -1,4009E-01  2,2318E-01 -4,6789E-01  2,5544E-01 -4,1612E-01  2,7117E-01  4,9417E-01  3,4338E-01 -5,6570E-02  2,0965E-01 -4,5233E-01  1,3315E-01  2,8104E-01 -1,0344E+00  9,5568E-02 -5,3283E-01 -8,1626E-01 -1,8220E-01 
 2,0609E-01  7,5585E-01 -3,2661E-01  3,5935E-01  5,6981E-01  5,2692E-01  4,5428E-01  3,2615E-02 -5,2197E-02  6,0680E-01  3,8394E-01 -2,2193E-01 -2,0278E-01 -2,8150E-01  5,6309E-01  1,4444E-01 -6,5348E-01  5,5026E-01 -6,9023E-01  1,1082E-01  1,1224E-01  6,1743E-01 -5,9070E-01  6,0910E-02 -4,8220E-01 -3,3354E-01  9,8518E-02  2,0906E-01  8,7609E-01  1,4406E-01  2,6459E-01  1,8893E-01  4,8279E-01  3,8930E-01 -3,6713E-01  6,2132E-01  4,3150E-01  5,3687E-02  1,4582E-01  7,4096E-01 -1,1708E-01  1,1721E-01 -4,0657E-01 -4,5048E-01 -6,5302E-01 -3,1605E-01 -1,3567E-01  4,1273E-02  5,7663E-01 -5,4380E-01  5,1598E-01  5,2198E-01 -1,3480E-01 -6,1792E-01 
 3,4763E-01 -8,3579E-02  6,8948E-01 -1,7778E-01 -7,9315E-01  3,7173E-01 -3,8780E-01 -2,4770E-01  6,8820E-01 -6,5894E-03  1,7442E-01  8,7910E-01  7,7315E-01 -5,1734E-01  3,1635E-01  5,3668E-01 -4,9697E-01  6,6528E-02  3,0347E-01  6,1126E-01  9,8842E-02  5,5882E-01 -6,0397E-02  6,3277E-01  2,6318E-01  4,8207E-02  3,9312E-01 -7,1214E-01 -2,9807E-01  4,9939E-01 -5,2012E-01 -4,7995E-01 -8,0613E-01 -3,5004E-01 -5,9545E-02  9,3295E-03  2,5618E-01 -1,4301E-01 -6,5575E-01  1,1588E-02  3,5417E-02 -6,9275E-02  3,8506E-01  8,0576E-01  2,1050E-01 -5,6127E-01 -3,1019E-01 -7,8510E-01  3,0898E-01 -2,1626E-01 -2,7279E-01 -3,2373E-01 -6,2912E-01 -3,9447E-01 
-1,0289E-01 -3,7710E-01  5,3211E-01 -4,5582E-01 -6,4768E-03  6,6506E-01 -1,4728E-01  7,0399E-01 -1,1985E-01 -5,5593E-01  2,0179E-01  6,1204E-01  1,8292E-01  3,3182E-01 -5,1108E-01  1,1964E-01  6,2718E-01  1,9900E-01 -6,3913E-02 -8,1107E-02 -5,8045E-01  1,7642E-01  5,0675E-01  1,3333E-01  2,6869E-01  3,4534E-01 -5,3233E-01  1,0089E-03  3,9193E-01  3,6099E-01  3,7574E-01 -4,3446E-01 -6,5321E-02 -4,5832E-01 -2,1023E-01  2,4092E-01  1,6613E-02  4,9818E-01 -8,8815E-02  5,6089E-01 -4,1646E-01  2,9438E-01  3,2114E-01 -4,6630E-01  8,8563E-01  3,4027E-01 -5,0254E-01  4,8065E-01  4,8125E-01  1,7588E-01 -1,0167E+00  5,6068E-01  5,7104E-01 -2,1671E-01 
-5,1007E-01  2,6312E-01  5,5026E-01  5,9450E-01  4,5980E-01 -2,7043E-01 -7,0670E-02  5,3744E-02  1,8381E-01  3,4480E-01  3,5070E-02 -7,0612E-01 -4,2132E-01 -5,5155E-01 -2,3157E-01 -5,8949E-01 -6,2697E-01 -3,2430E-02  5,9118E-01 -5,6441E-01 -4,9965E-01 -7,0267E-01 -2,1079E-01  2,5802E-01  1,1436E-01 -2,4963E-01  6,2696E-01  8,7245E-01 -6,0755E-01  2,6983E-01  8,4677E-01  4,1570E-01  7,2737E-01 -3,1829E-01  3,3501E-01  4,0503E-01 -2,9834E-01  7,6956E-02  8,5373E-01 -3,3293E-01 -1,2753E-01  1,6434E-01 -1,4483E-02  6,8602E-01 -3,1409E-01 -4,0238E-01  1,0316E+00 -4,2320E-01  2,9962E-01  6,6200E-01  2,1337E-01 -5,4975E-01 -5,4742E-01  5,6991E-01 
-5,2005E-01  1,8568E-01 -6,3749E-01  2,9401E-01  1,2049E-01 -3,0321E-01 -2,7856E-01  5,9530E-02  7,8625E-02  2,0116E-02  2,3763E-01 -7,8622E-01  7,4060E-01  3,9117E-01 -1,8610E-02  5,0528E-01  5,2468E-02 -5,6278E-01  3,5231E-01 -6,4941E-01  2,5797E-02  4,8835E-01  3,1787E-01 -4,1437E-01  4,9827E-01 -1,4671E-01 -1,7484E-01 -2,6854E-01  3,8099E-01  3,2852E-01  5,7184E-01 -8,5234E-02 -5,7279E-01  2,2573E-01  5,8129E-01  1,4326E-01  7,1176E-01  2,9836E-02 -6,5408E-01  1,2910E-01 -2,9757E-01 -9,1509E-01 -3,2956E-01 -1,7182E-02 -4,8529E-01  4,4036E-01 -4,7656E-01 -3,2153E-01 -2,8786E-01 -4,1888E-01  6,8295E-02  2,4703E-01  3,3373E-01 -7,5739E-01 
 7,5026E-01 -1,9317E-01 -2,2928E-01 -4,8650E-01 -3,5287E-01 -2,4112E-01  1,5500E-01 -6,0292E-01 -1,5475E-01 -2,9532E-02  3,6455E-01  8,0205E-01 -3,3837E-01  3,9830E-02  6,2826E-02 -7,1099E-01 -2,8627E-02  5,2963E-02 -7,1450E-01  7,0975E-02  1,7748E-02  1,4346E-01  1,2606E-01  1,9324E-02  4,9673E-01 -4,0225E-01 -2,5625E-01  4,2505E-01  9,2161E-03 -4,9412E-01 -8,5587E-01 -4,8072E-01  4,1503E-01 -1,5235E-02 -8,0195E-01 -7,3067E-02 -5,4449E-01  4,6335E-01 -2,6140E-01  9,0568E-02 -2,3324E-01  4,6990E-01  5,4487E-01 -7,8935E-01  2,7777E-01  2,3178E-02 -2,4871E-01  4,8201E-01  5,2991E-01  4,9594E-01  4,2022E-01  4,2424E-01 -1,4799E-01 -4,9048E-02 
 4,3773E-02 -7,8391E-01 -5,6941E-01 -4,7784E-01  1,3552E-02 -7,6833E-01 -3,6068E-01 -5,1984E-01  4,1141E-01 -6,6995E-01 -2,2373E-01 -4,5284E-01 -1,6405E-01 -2,6744E-01  9,2396E-01  3,7190E-01 -1,0242E-01  3,8004E-01  2,1317E-01 -4,3158E-02 -6,1339E-01  7,8976E-02 -3,3263E-01 -2,1286E-01  6,7053E-01 -9,4674E-02  2,1318E-01  2,3057E-01  4,1263E-01 -6,6418E-01 -2,2642E-01  3,3593E-01  1,9108E-03 -2,9403E-01 -1,5768E-01 -6,4355E-01 -3,8767E-01 -4,1211E-02  5,3184E-01 -4,6882E-01  4,4560E-01 -5,1347E-01 -5,1561E-01 -4,4934E-01 -2,6343E-01  1,2021E-01 -1,5838E-01 -1,9148E-01 -7,6649E-02  1,7174E-01  5,2062E-01  4,5659E-03  3,8420E-01 -5,6221E-02 
-1,6435E-01  5,7048E-01 -1,2756E-01 -1,5962E-01  7,7271E-03  4,6121E-01 -5,6111E-01 -2,1246E-01 -2,1683E-01  3,6011E-01 -4,5722E-01  5,7624E-01  2,5857E-01  6,0086E-01 -5,4373E-01 -2,4422E-01  5,4250E-01  2,8068E-01  3,0199E-01  4,5202E-01  6,5456E-01  5,0374E-01 -4,7589E-01 -2,2112E-01 -8,2525E-01  4,9428E-01 -8,6346E-02 -6,4320E-01 -4,3126E-02  5,5547E-01 -4,3943E-01  2,5175E-01  5,9799E-01 -2,0177E-01 -2,9727E-01 -6,4842E-01  1,7520E-01  2,0177E-01  6,0397E-01 -1,2512E-01  2,4332E-01  1,8399E-01 -1,4111E-02  1,6081E-01  8,9980E-01  6,0768E-01  8,9776E-02  5,0914E-01 -1,0738E-01 -7,3483E-01 -5,9462E-01 -1,6836E-01 -5,8740E-01  8,2722E-01 
 2,1036E-01 -8,3788E-02 -5,4100E-02 -4,5936E-01 -7,2749E-02 -8,7861E-01  5,0206E-01  3,9284E-01 -6,0288E-01  6,6716E-01 -3,8970E-01 -8,0520E-01 -6,6653E-01  5,0259E-01 -2,6627E-01 -5,5538E-01 -3,6405E-01 -7,9957E-01  1,6539E-01  1,3581E-01 -3,3759E-01 -1,0488E+00  6,8257E-01  1,6153E-01  2,7293E-01 -5,7047E-01  1,6568E-01  2,9867E-01 -4,1690E-01 -2,1932E-01  2,1166E-01 -2,1626E-01 -5,7887E-01 -1,1352E-01  7,8525E-01 -2,8624E-01 -4,5811E-01 -6,5177E-01 -4,2237E-01 -3,3893E-01  3,8937E-02  5,1975E-01 -5,1248E-02  4,9331E-01 -8,0443E-01 -7,8710E-02  4,8204E-01 -5,5537E-01 -2,8766E-01  4,1476E-01  3,0724E-01 -8,0603E-01  6,3511E-01  2,5078E-01 

	Final 2nd layer weight matrix:
		Type = DDRM , rows = 54 , cols = 48
 3,6713E-01 -1,8088E-01 -2,7557E-01 -5,3047E-01  2,7765E-01  2,2975E-01 -1,5450E-01 -1,7792E-01  2,3000E-01  1,0767E-01  2,5741E-01 -4,5899E-01 -4,5621E-01  1,1618E-01 -3,2260E-01  5,3971E-01 -8,6506E-02 -2,3178E-01  4,6971E-01 -2,1198E-01  5,8577E-02 -1,6677E-01 -2,9031E-01  4,4513E-01  3,7724E-01  3,5217E-01 -5,3148E-01  2,9097E-01 -4,1854E-01  2,5251E-01 -6,6942E-01 -1,7532E-01 -1,9342E-01  4,9746E-01  1,6791E-01 -1,9974E-01 -2,8206E-01  7,9313E-02 -1,1050E-01  3,3360E-02  4,3901E-01 -1,1898E-01 -3,1862E-01  8,6767E-02  6,1086E-01 -1,6658E-01 -1,6368E-01  1,0036E-01 
 2,1946E-01  4,6651E-02  3,5015E-01  3,7726E-01 -1,1151E-01 -3,1334E-01  2,2648E-01 -3,0167E-01  4,6210E-01  2,2050E-01 -3,6337E-02  1,5226E-01  3,2113E-01  1,2674E-01 -5,2489E-01 -5,6133E-01  1,1248E-01  4,0314E-01  3,3479E-01 -5,4916E-01  3,8875E-02  2,7906E-02 -3,9840E-01 -2,0662E-01 -4,6371E-01 -2,5289E-01  3,4302E-01  5,3013E-02 -3,6628E-01  3,2623E-01 -1,9967E-01  1,4096E-01 -3,1594E-01  2,5937E-01  1,2048E-01  3,9006E-02  1,0095E-01  4,2099E-01 -5,9073E-01  5,0880E-01 -2,2306E-01 -2,9774E-01  1,8002E-01  4,9658E-02  1,1942E-01 -6,6857E-01  3,7241E-01  2,3052E-01 
-1,0826E-01  5,2554E-01 -1,4470E-01  1,7712E-01 -4,3722E-01  2,7017E-01 -3,5758E-01 -6,2825E-02  5,8393E-01  4,2362E-01 -3,1972E-01  2,7636E-01  5,2291E-02 -3,6667E-01  9,6136E-02 -2,1511E-01  4,8299E-01  1,9426E-01 -1,7437E-01 -7,7884E-02 -7,1566E-02 -8,5877E-02 -9,8026E-02  6,0132E-02  1,1397E-01 -3,7939E-01 -2,3298E-01 -2,4798E-01  1,1485E-01 -2,7609E-01 -2,6415E-01 -2,3432E-01  6,4990E-01  3,9758E-01  4,1999E-01 -5,1025E-01  2,8372E-01 -2,7616E-02 -1,5528E-01 -7,1996E-02  3,1900E-01  8,2539E-02  5,9367E-01 -5,7671E-01 -1,8846E-01 -2,0797E-01 -4,5325E-01 -1,5809E-01 
 2,5506E-02 -3,3572E-01  3,0806E-01 -1,2489E-01 -2,9145E-01  3,9686E-01  1,5613E-01  8,2451E-02  2,0263E-01  5,4337E-02 -7,4892E-02 -1,7894E-01 -1,2646E-01  2,8387E-01 -1,9061E-01  3,3896E-01  1,5255E-01 -6,1434E-02 -1,4329E-01 -4,1861E-01  3,9123E-01 -1,3874E-01  2,6698E-01 -1,2399E-01  2,9055E-01  9,5777E-02 -1,7291E-01  8,2525E-02  1,3510E-01 -3,5658E-03  4,2693E-01 -1,6773E-01  3,5553E-01  4,3654E-02  9,6580E-02  7,6425E-02 -3,5076E-02 -2,1245E-01 -1,7635E-01 -4,8239E-02  1,7062E-01 -1,2328E-01  4,4994E-02 -6,6822E-03 -2,0731E-01 -2,1360E-01  2,4889E-01 -3,3890E-01 
 7,8847E-02  4,3310E-02  2,2385E-01  1,3721E-01 -2,5096E-01  5,5832E-01  1,5517E-02 -1,6430E-01  2,4652E-01 -4,0806E-01  4,0271E-02 -2,8522E-01 -2,2590E-01  4,1192E-01 -3,7749E-01  1,2152E-01 -6,3927E-01  3,4193E-01 -3,7883E-01  1,0615E-02  1,0039E-01  4,6149E-01 -5,9820E-02  1,0635E-01 -1,9222E-01 -3,8855E-01  6,6450E-02 -1,0814E-01  4,7966E-01 -5,2117E-01 -4,5975E-01 -1,8861E-01 -1,0991E-01 -2,0810E-01 -7,8000E-02  2,1799E-01 -1,0414E-02 -5,9570E-02 -7,9920E-02  9,9676E-02 -3,0598E-01  9,4364E-02  2,7623E-01  1,4230E-01 -3,6411E-02 -1,3291E-01 -1,7321E-01 -1,1082E-01 
-1,1626E-01  1,0338E-01  3,0405E-02  1,2547E-01  4,6843E-01 -1,3327E-01  3,1501E-01 -1,9507E-01  1,0118E-01  3,3884E-01 -2,0163E-01 -1,1700E-01 -2,4076E-01 -1,2292E-01 -6,8914E-02  4,3326E-01 -1,5745E-01  3,4106E-01 -2,8197E-01  2,7400E-02 -2,9198E-01 -1,4841E-03  5,1999E-02 -3,1252E-01 -1,3772E-01 -1,6908E-02 -4,6621E-02  1,0895E-01  1,8767E-01  3,1367E-02 -3,5262E-01  3,8068E-01 -2,8904E-01 -4,9507E-01  2,7290E-01  2,5544E-01 -4,2954E-02  1,3306E-01  1,3318E-01  1,7440E-01  6,5831E-02 -1,2786E-02  4,4619E-01 -2,5084E-01 -1,1591E-01 -3,3763E-02  3,9582E-02 -1,6751E-01 
-3,2393E-01 -1,7533E-01  9,6908E-03 -1,9712E-02  2,2045E-01  1,9467E-01  1,7653E-01 -1,2828E-01 -4,3642E-01 -4,2836E-01  2,6079E-02  6,2922E-02  1,0903E-01  2,3267E-01 -5,3454E-02 -2,4197E-01  5,1985E-02 -2,7641E-01 -5,9580E-01  1,7917E-03  4,3258E-01 -5,8261E-02 -1,8764E-01 -1,7824E-02 -8,0004E-02 -1,6321E-01 -3,2800E-01 -1,1111E-01 -1,0122E-01 -2,1640E-01  1,7038E-01 -2,0847E-01 -3,0985E-01  3,4639E-01  8,4597E-02 -3,3593E-01 -1,9502E-01  1,5432E-01 -2,4590E-01  1,6669E-02 -3,7650E-02  1,4858E-01 -5,5122E-01 -2,2279E-01  1,6560E-01 -4,2568E-01 -5,3414E-01  5,0297E-01 
 1,6591E-01 -2,7285E-02 -1,3285E-01  1,4377E-01  6,0073E-01 -7,2290E-01  3,8985E-01 -5,2429E-01 -2,3517E-02  4,3050E-02  2,5107E-01 -3,1228E-01 -1,5910E-01 -1,2771E-01  1,4982E-01  4,3996E-01 -1,3089E-01  1,0873E-02  8,8332E-02 -1,2204E-01 -3,3588E-01 -3,1401E-01  2,9266E-01  8,3318E-02  1,2501E-01  1,4404E-01 -5,3584E-01  4,1718E-02 -8,9143E-02  2,7268E-01  1,7240E-01 -1,7659E-01 -1,3927E-01  4,1316E-01  2,0692E-01 -5,1863E-01  1,6918E-01  1,4743E-01  1,2716E-01 -2,1958E-01 -3,2733E-01  4,5689E-01  1,0130E-01 -9,1792E-02 -2,2711E-01 -4,1253E-01  4,3585E-02  4,0217E-01 
 3,3493E-01 -1,3112E-01  1,0525E-02  1,1350E-02 -7,6911E-02 -1,8172E-01  4,0766E-01 -7,7155E-03 -1,1021E-01  1,4155E-01  2,7249E-01  5,8060E-02 -2,4885E-01  2,8287E-01 -2,6147E-01  2,6721E-01 -2,3094E-01 -3,3698E-01 -1,1079E-01 -1,3954E-01  1,6369E-01 -2,7911E-01  5,1607E-01 -2,4302E-01 -2,2795E-01 -9,2347E-02  3,4248E-01 -1,3988E-02 -3,4070E-01  8,9443E-02  3,0529E-01 -2,9470E-01 -3,4411E-01 -1,7476E-01  3,7843E-01 -1,4697E-01  3,8679E-04 -5,3373E-01  1,4071E-01 -4,9548E-01  1,7895E-01 -9,7303E-02  3,0399E-02  1,2075E-01 -1,4433E-01  5,2988E-01 -1,6755E-01 -4,7655E-01 
-5,1715E-02 -3,3644E-01  1,8352E-01  4,8364E-01 -2,9999E-01  1,9293E-01  3,1117E-02  5,4318E-01 -4,1393E-02  1,2117E-01  2,6061E-01  7,1733E-03 -1,3484E-01 -8,3692E-02  4,2435E-01 -1,9860E-01  1,8625E-01  3,8024E-01  3,8459E-01  1,6321E-01 -5,2195E-01  1,1439E-01  1,3400E-01 -1,0045E-02  2,3251E-01 -3,7170E-01 -3,3618E-01 -6,5963E-01  3,5311E-01 -3,0936E-02  2,0584E-01 -5,7023E-01  5,5563E-01  8,1230E-03  2,4083E-01 -1,4008E-01 -1,8586E-01  9,8225E-04  8,5499E-02  4,5966E-01  3,9449E-01 -3,8792E-01 -4,1170E-02  1,1943E-01 -8,8446E-03 -6,6700E-01  3,1174E-01  4,6475E-01 
 1,2186E-01  8,8492E-02  3,0974E-01  3,2921E-01 -1,8232E-01 -2,3305E-01  8,9134E-02  2,6158E-01 -2,2625E-01 -7,0002E-02  3,1327E-01 -4,1250E-02  2,5371E-01  5,5556E-01 -5,0538E-01 -6,4103E-01 -4,0219E-01  2,5274E-01 -2,3084E-02 -7,2287E-02  7,9582E-02 -2,4540E-01 -2,5919E-01  1,7230E-01 -3,0464E-01 -9,4581E-02  2,4858E-01  3,9727E-01 -5,5533E-02 -2,6927E-01  2,9958E-01  2,5359E-01 -5,0504E-02  4,7712E-02 -1,5781E-01  4,4064E-02  3,0464E-01  7,2746E-02  1,9158E-01  2,1187E-01  1,4991E-01 -2,8135E-01 -1,7494E-01  1,7263E-01  2,2493E-01 -1,7997E-02 -1,5489E-01 -1,9810E-01 
-3,0089E-01 -2,5231E-01  4,1186E-01 -6,0619E-01  2,5477E-01  9,0437E-02 -2,2752E-01  8,5740E-02 -5,6819E-02  2,4528E-01  1,3850E-01 -5,7167E-02 -2,4533E-01  4,7307E-02 -2,3531E-01  5,1846E-01 -5,6688E-01 -2,7371E-01 -1,0489E-02  1,4776E-01 -3,1484E-01 -9,0060E-02 -5,4691E-02  8,6446E-02 -1,2230E-01 -3,9569E-02  3,2089E-01 -2,0157E-01  5,4368E-01 -3,7178E-01  3,3767E-01 -6,8271E-01  5,0587E-01 -3,5622E-01  1,0403E-01  2,4007E-01 -6,9861E-02 -1,0228E-01 -2,3847E-02 -2,0634E-01  3,2489E-01 -2,6942E-01 -3,3200E-02 -4,5378E-01  1,0319E-01 -7,8887E-02  4,3645E-01 -4,4680E-01 
-2,6316E-02 -5,2330E-02  3,0440E-01 -4,2082E-01  5,4822E-01  2,6172E-01 -1,2021E-02 -1,6157E-01  2,0563E-01 -9,7416E-02  5,3640E-01 -4,0889E-01  3,7278E-01  4,3064E-01 -6,6988E-01  3,5283E-01 -1,9260E-01  1,9423E-01  2,1494E-01 -1,3332E-02 -7,5079E-02  6,7137E-02  1,7140E-01  9,7894E-03  4,5663E-01 -3,5215E-01  3,0166E-01 -1,1450E-01  1,4510E-01 -2,9697E-01 -1,9785E-01 -2,1511E-01  1,1557E-01  4,0982E-01 -6,4541E-01  5,3732E-02 -1,7347E-01  1,9891E-01  2,8308E-01 -4,9852E-01  3,8829E-01 -1,2563E-01 -7,2440E-02  3,9822E-01 -3,2877E-02  1,0801E-01  5,6385E-02 -1,1343E-01 
-8,5506E-02 -2,3003E-02  4,7649E-02  1,1122E-01  2,5043E-01  6,2562E-02 -3,8550E-01 -9,5120E-03  8,0637E-02  4,6310E-02 -3,3662E-01  7,3194E-02  3,3579E-01 -1,2796E-01 -2,8296E-01  2,9032E-01 -5,4380E-01  4,3157E-02  1,3903E-01 -7,2435E-03  5,0050E-02 -1,1533E-01  3,7787E-01 -6,5843E-01 -3,7568E-02 -3,8291E-01 -9,9903E-02  7,4144E-02  1,2580E-01 -4,9376E-02  1,1979E-01  8,2571E-02 -9,7555E-03  4,2906E-01  2,5046E-01 -3,4730E-01 -3,6982E-01  2,5843E-01  1,1652E-01  9,1905E-02 -4,6739E-01  3,2339E-01 -6,2363E-01  5,7380E-02  3,5478E-01 -1,1561E-01  3,9581E-01 -2,5050E-01 
 2,1931E-01 -3,3054E-01  3,2194E-01  2,6527E-01 -1,4830E-01 -9,2605E-02 -1,3148E-01  5,1299E-01 -4,5665E-01 -2,5696E-01 -9,0482E-02 -1,1571E-01 -3,7524E-01  4,5182E-01  1,4216E-01  2,0270E-03 -2,3870E-01 -1,4410E-01  3,9032E-01  1,7183E-02 -6,7304E-02  2,2521E-01 -8,7510E-02 -2,1178E-01  2,4330E-02 -3,7922E-01  5,1138E-01 -1,2393E-01  1,7647E-01 -5,3206E-02 -4,4294E-01  2,1938E-01  2,7576E-01 -1,1039E-01  1,1043E-01 -1,9363E-02  1,8603E-01 -2,4614E-01  2,8169E-03  5,3604E-01  1,1996E-01 -3,1418E-01 -3,2054E-01 -3,0952E-02  1,9253E-01  3,3491E-01 -2,3880E-01 -2,7452E-02 
 1,0782E-01  3,4048E-01 -1,6302E-01  2,6380E-01 -3,4132E-01 -5,7283E-02 -3,9266E-01  3,2843E-01 -3,2762E-01  3,0825E-01 -2,3317E-01 -1,2960E-02  2,4279E-01 -4,0173E-01  7,6320E-02 -6,8539E-03  9,7622E-02 -3,6200E-01 -2,3516E-01  4,5815E-02 -3,3529E-01 -3,3607E-01  3,9954E-01  1,4798E-01  2,1298E-01 -3,1650E-01 -1,0354E-01  1,8320E-01 -4,5419E-01  3,5448E-01 -2,1369E-01 -4,5271E-01  5,5217E-01 -1,4224E-01  2,9115E-01 -2,8665E-01  9,9634E-02  2,0295E-01 -2,4594E-01 -1,2838E-01  3,0577E-01  3,4838E-01 -3,2979E-01  2,7535E-01 -1,6439E-01  3,8005E-01 -4,3966E-01  2,6598E-01 
-2,5193E-01  7,7381E-02  1,1779E-01 -2,9179E-01  1,5843E-01  5,8506E-01 -5,0600E-02 -2,1908E-01  2,5049E-01  1,2972E-01 -1,9330E-01  1,0614E-01 -7,4975E-02 -1,2206E-01 -1,1160E-01  3,2197E-01  3,1305E-02 -3,8430E-01  7,4646E-02  7,8554E-02  1,6362E-01 -1,8771E-01 -9,0921E-03  5,0290E-01  4,2537E-01 -1,8782E-01 -6,5437E-01  2,3373E-01 -4,1158E-01  5,0741E-01  5,8638E-01 -6,0929E-02 -3,8508E-01 -3,4152E-02  2,4800E-01  8,5442E-02 -2,8316E-02  1,2877E-01  3,0740E-01 -4,2988E-01 -3,3631E-01  4,0623E-01 -2,0219E-01  3,2524E-01 -1,1506E-01 -1,9398E-02 -8,0687E-02 -6,5269E-03 
-2,0352E-02 -1,8865E-01 -8,7499E-02  2,0893E-02 -2,2215E-01  5,4745E-01 -7,5060E-02  7,3177E-02 -8,2712E-02  2,5338E-01 -2,4626E-01  2,1067E-01 -6,9254E-02  5,0761E-01 -2,8423E-01  3,2817E-01 -3,2214E-01  9,4035E-02 -1,4696E-01 -1,6208E-01 -1,9752E-01  4,0279E-01 -1,7498E-01 -1,5546E-01 -1,3557E-02  2,0822E-01 -4,1026E-01 -4,5585E-01  5,1841E-01  1,7094E-01  1,9612E-01 -2,6725E-01  8,1790E-02 -3,4145E-01  3,8446E-01  1,4905E-01 -6,1298E-02  3,0898E-01  8,3374E-02  8,6684E-02 -2,5350E-01  1,5458E-01  1,7350E-01 -4,0705E-01 -1,2200E-01  4,6028E-02  1,9732E-01 -3,6643E-01 
 7,4985E-02 -1,4430E-02  3,3506E-01 -4,1638E-01  3,7883E-01  1,1048E-02  2,9817E-01  3,5103E-02 -7,3365E-02  1,4823E-01  4,2936E-01 -7,3828E-01  2,4302E-01 -3,3261E-01 -1,1022E-02  4,4883E-01 -2,9846E-01  3,8058E-01 -1,5170E-01 -6,0550E-02  3,4108E-01  2,8137E-01 -1,5720E-01 -1,6228E-02 -7,2863E-02 -9,2729E-02 -1,3938E-01 -5,9231E-03  8,4215E-03 -2,7484E-01 -2,7039E-01 -3,8407E-01  3,9674E-01 -2,8015E-01 -5,7250E-01  5,3226E-01 -2,5984E-01  2,0707E-01 -1,4431E-01 -4,8140E-01  3,8381E-01  1,5259E-01  4,8463E-01  2,8901E-01 -5,5498E-01  1,5270E-01  3,9995E-01  8,8460E-02 
 3,6639E-02 -4,4680E-03  3,9703E-01 -2,4254E-02 -3,3494E-01  2,1805E-01  1,3881E-01  6,0028E-02 -4,1691E-01 -3,9149E-01  2,1092E-01  3,8696E-01  2,9270E-01  4,0605E-01 -5,0521E-01 -3,8915E-01  3,8553E-01 -7,9532E-02 -4,9335E-02  1,8693E-01 -2,6542E-01  2,8004E-01 -4,3218E-01  4,7059E-01 -2,1852E-01 -4,7082E-02  3,0774E-01  2,3130E-01 -5,9226E-01  8,2870E-02 -8,1163E-02  5,2122E-01 -2,1333E-01 -3,5198E-01  4,5467E-01  6,8647E-02  2,8590E-01 -3,5783E-01 -8,3655E-02  3,9963E-01  2,5091E-01 -1,7735E-01 -1,4564E-01 -2,8843E-01  1,7573E-01  5,0728E-02 -2,5377E-01  2,6915E-01 
-3,5021E-01  5,2285E-02  1,1387E-01 -2,0895E-01  3,2270E-01 -6,2922E-01 -2,4483E-01  4,1637E-01  2,6094E-01  1,7189E-01 -3,9528E-03 -1,0937E-01 -2,6185E-01 -5,7228E-01  6,5515E-01 -4,8267E-01 -3,2446E-01  6,8321E-01  1,4064E-01  1,6365E-01 -2,6520E-01 -4,9728E-01 -2,9750E-01  5,7678E-01 -1,4464E-01 -2,8281E-01  4,0141E-01  2,1169E-01  2,6347E-01 -1,6481E-01  1,4299E-01 -3,8613E-02 -2,9688E-01  3,7189E-01  4,6897E-02 -2,2142E-01 -3,4236E-01  1,3830E-01 -9,8130E-02 -7,9580E-02  3,2230E-01 -3,3223E-01 -1,5802E-01  1,8923E-01  2,7446E-02 -3,0078E-01  3,4532E-01 -7,9199E-02 
-1,3042E-01 -9,9097E-02 -4,7376E-01 -2,3798E-01 -2,1139E-01 -5,4618E-02  2,4930E-01 -3,4215E-01 -2,6784E-01 -2,1281E-01 -1,9019E-01  1,6878E-01 -3,4544E-01 -2,2056E-01  6,1544E-01  1,9266E-01 -7,8358E-02 -9,0395E-02 -9,3475E-03  3,2240E-02 -1,9051E-02 -1,3993E-01  3,3495E-01  7,3275E-02  2,8944E-01  4,9356E-01 -1,8966E-01 -3,6198E-01  5,1721E-01 -9,9469E-02  9,1273E-03 -1,3971E-01  1,4023E-01 -2,6426E-01 -3,0442E-01  1,3095E-02  1,8235E-01 -4,3828E-01  2,6273E-01  1,8421E-01  1,9083E-02 -1,9815E-01 -7,6451E-02  1,8300E-01 -8,5114E-03  5,4044E-01  4,2467E-01 -3,4613E-01 
 1,4298E-01 -2,3157E-01  9,8918E-02  1,1991E-01 -5,0469E-01  3,0004E-02 -4,4736E-01  1,4714E-01 -3,3596E-01 -5,0860E-02  1,1876E-01 -3,0477E-01 -2,1816E-01 -2,7287E-01  2,4009E-01 -2,6771E-01  7,0050E-01 -2,8320E-01  1,5579E-01  4,5256E-02 -1,5691E-01 -2,5276E-01 -4,4904E-01  2,4428E-01 -3,7373E-01  1,6236E-01  1,9678E-01  2,6628E-02 -2,9859E-01 -3,1834E-01 -1,4767E-01  3,4039E-01 -5,5727E-01  1,4476E-01 -4,2616E-01  6,5543E-01  1,0284E-01  6,9313E-02 -5,2403E-01 -3,5010E-01 -2,9546E-01  2,0658E-01 -1,7647E-01  1,0657E-01  4,5583E-02 -1,6548E-01 -2,5728E-01  4,7066E-01 
 7,1899E-03 -4,9902E-02 -8,6876E-02 -1,3142E-01 -2,4439E-01  9,8863E-02 -3,3557E-01 -1,4434E-01  4,2507E-01  1,2395E-01 -2,7336E-01  3,4528E-01  1,7900E-01 -3,6831E-01  2,3846E-01 -1,7078E-01 -3,4217E-02  1,6652E-01  4,7735E-01  2,2410E-01 -2,4412E-01 -9,4241E-02  3,3128E-01 -1,7439E-01 -1,1286E-01 -1,6608E-01  2,8749E-01  6,5307E-03  6,3438E-02 -1,9344E-01  3,2548E-01  1,0760E-01 -2,4000E-01  1,8906E-01  1,2985E-01 -2,2845E-02 -1,1392E-01  1,5759E-01  2,4447E-02 -3,5701E-01  3,4240E-01  7,0149E-02 -9,0306E-02 -2,3849E-01 -2,3099E-01 -3,1311E-01  1,0139E-01 -1,1517E-01 
-2,6276E-01  5,9154E-01  5,1714E-02 -4,8000E-02 -6,1016E-03  4,9548E-02  1,7637E-01 -4,4430E-01 -3,8540E-01  1,6975E-02 -2,5494E-01  5,9458E-01  2,9417E-01 -2,2419E-01  2,3427E-01 -2,4820E-01 -4,1549E-01  9,3523E-02 -1,9477E-01  3,9470E-01 -3,7930E-01 -1,5164E-01 -9,9414E-02  3,1394E-01  9,0680E-02 -9,4970E-02 -1,6245E-01  3,4369E-01  4,4041E-01 -5,0382E-01  1,2846E-01 -1,9776E-01 -1,9531E-01  6,5078E-02  6,0872E-01 -1,3872E-01  2,9679E-01 -1,4995E-01 -7,2775E-02 -4,2962E-01  2,9192E-01  2,5011E-01  2,1318E-02  3,1422E-01  3,3598E-01  3,5871E-01 -4,3595E-01 -5,9765E-02 
 2,9198E-01 -7,1051E-01  4,0635E-01 -2,1118E-01  2,8846E-01 -1,0443E-01  1,8513E-01 -2,7352E-01  3,7056E-02 -2,2535E-01  4,9463E-01 -5,5270E-01  2,1344E-01 -2,5483E-02  1,2245E-01 -5,1239E-01  4,5175E-02  2,0607E-01  3,3652E-01  4,9668E-02  2,3308E-01  5,8308E-03 -1,0791E-01  2,2163E-01 -7,1049E-02  3,6191E-02  1,7150E-01  2,9433E-01 -4,0566E-01 -1,1137E-01 -3,5563E-01  2,6123E-01 -2,0193E-01  2,9311E-03  4,0450E-03  3,2184E-01  1,5161E-01 -3,7304E-01  1,9067E-01 -1,8914E-01 -2,6414E-01 -4,7682E-02  3,4106E-01 -1,3345E-01  6,6300E-02  3,8155E-02 -7,3873E-02 -3,4098E-01 
-1,1046E-01  1,9155E-01 -2,2049E-02 -8,5354E-02  2,8128E-01 -1,6252E-01 -2,9043E-01 -6,9055E-02  3,1878E-01  1,6715E-01 -9,9998E-02  1,9184E-01  5,8726E-02  8,3115E-02  5,5758E-02  4,3399E-01  5,6798E-01 -5,9919E-01  3,0918E-01  3,6767E-01 -3,3184E-01 -1,5340E-01 -5,0254E-01  4,5528E-01  6,3527E-02 -2,1583E-01  1,2737E-01 -2,3928E-01 -5,4086E-01  3,4189E-01 -2,1325E-01  3,0926E-01 -1,1744E-01  6,2209E-02 -1,6960E-01  4,7121E-01 -1,6227E-01  1,7603E-01 -2,0343E-01  1,2077E-01  3,1614E-01 -2,0245E-01  3,4060E-01 -1,3100E-01 -2,8778E-02  5,2480E-02 -2,0831E-02  3,0860E-01 
-4,0345E-02 -3,5277E-01  9,1771E-02 -2,6888E-01  3,5592E-01  2,8263E-01 -2,6734E-01  1,5621E-01 -2,3479E-01  2,1515E-01  9,4095E-02 -4,0518E-01  1,1886E-01 -2,4887E-01 -3,4477E-01 -3,1960E-01  1,4531E-01  4,2100E-01  1,6573E-01 -4,5920E-02 -1,8679E-01 -2,7333E-01  1,2401E-01  4,0455E-01  7,1282E-02  1,3266E-01 -4,2060E-01  3,2947E-02  1,0002E-01 -1,2122E-01 -9,7402E-02 -1,9325E-01 -7,3962E-02 -5,2299E-01  5,2395E-01  2,1415E-01 -4,9416E-01  2,4916E-01 -1,4563E-02 -2,0410E-02 -4,0275E-01  2,2082E-01  4,7893E-02 -3,0005E-01  2,9695E-01  8,7877E-02 -3,7950E-02 -2,6656E-01 
-7,4786E-01  3,0493E-01  5,4622E-02 -1,3366E-01  1,0455E-01  4,4637E-01  3,8711E-02  4,4925E-01  6,7846E-03 -1,7346E-01 -4,5717E-01 -5,9882E-02  5,5585E-01 -1,8717E-01 -5,7216E-02 -8,6870E-02 -2,2158E-01 -8,3950E-02 -1,7293E-01  3,5678E-02  1,2076E-01 -6,0842E-02 -2,6350E-01  2,1173E-02 -4,5960E-02  8,8947E-02  2,1323E-01  8,2611E-03  6,4989E-01 -5,3848E-01  4,7037E-01 -5,4927E-01 -8,3196E-02 -1,0219E-02  1,0371E-01  3,6018E-02 -4,0434E-01  2,9791E-01  6,8937E-01  1,8672E-01 -4,2091E-01  1,8548E-01 -3,7361E-01  4,0905E-01 -4,0902E-02 -1,4560E-03 -2,0306E-01 -1,6953E-02 
 3,3686E-01  7,9406E-02 -8,3955E-02  9,3402E-02  1,7702E-01  4,6628E-01 -3,3211E-01  5,3329E-01  9,7291E-02  3,0853E-01 -1,7249E-02 -1,8831E-01 -4,6939E-01 -9,0708E-02  2,7317E-01  9,6432E-03  4,1354E-01 -5,5159E-02  9,3171E-02 -1,2261E-01  2,2040E-01 -8,0917E-02  1,7077E-01 -3,6318E-01 -3,2115E-03 -1,5088E-01 -1,9985E-01  3,2746E-01 -3,8079E-01  6,6407E-01  4,7447E-01 -4,2868E-01 -5,8081E-02  1,7833E-01 -4,6595E-01 -9,9023E-02 -3,3718E-02 -1,6678E-03 -2,8099E-01 -1,9276E-02  2,5980E-01  2,0604E-01  3,5911E-01  2,2149E-01 -1,0955E-01 -1,3170E-01  4,6718E-01  4,1816E-02 
 2,8159E-01  2,5319E-01 -1,8326E-01 -9,3011E-02 -1,1900E-01  2,2750E-01  7,2605E-02  4,7589E-01 -6,9930E-01 -2,4491E-01  1,8799E-01  2,2504E-01  9,7077E-02 -9,6121E-02 -1,2002E-01  9,5589E-02  2,0489E-01  3,9416E-02 -5,6494E-02  3,6123E-01  8,1272E-02  2,3687E-01 -3,6890E-01 -2,3630E-02  3,1800E-01  3,7700E-01 -3,6291E-01  5,3197E-02  2,9510E-01 -3,0906E-01 -4,5130E-01  4,2637E-01  4,2889E-01 -2,9756E-01 -4,7768E-02  4,8819E-01  1,0665E-01 -2,4117E-01  3,0407E-01  1,2093E-01 -2,2138E-01  4,6891E-01  2,9028E-01  2,6230E-01 -4,8330E-01 -1,2815E-01 -3,0921E-01  2,2204E-01 
 2,5139E-01  4,2324E-01 -1,4854E-01 -1,3024E-01  4,1309E-01  1,0491E-01  1,6046E-01 -3,1477E-01 -3,4604E-01 -4,9231E-01 -3,2636E-01  1,7924E-01  3,8025E-01 -4,5008E-01  4,5931E-02 -6,3097E-01  9,7976E-02  5,6523E-01  4,7581E-01  1,1449E-01 -3,7387E-01  5,0273E-02 -3,8666E-01 -1,0363E-01 -1,6406E-02 -9,2497E-02 -2,3768E-01 -1,1113E-01  6,1152E-03 -1,2805E-01  1,8210E-01  4,3154E-01 -2,1527E-01 -4,2512E-01  8,0206E-03  4,2320E-01 -4,9467E-01 -3,8734E-01  5,5770E-01  3,4581E-02 -2,6078E-01 -3,8296E-01  4,0098E-01 -2,1881E-01 -2,9902E-01  1,3060E-01  1,7820E-01 -4,8003E-02 
-3,3396E-01 -1,3059E-01  1,0045E-01 -3,0975E-01  1,8617E-01 -1,2596E-01  2,4654E-01 -2,0791E-01  5,1171E-01 -1,9830E-01  2,5984E-01 -2,3650E-01 -7,9678E-02  1,8278E-01  2,0331E-01  3,4395E-01  5,6495E-02 -3,5054E-01  2,9507E-01 -2,1246E-01 -1,7218E-01 -1,1599E-01 -3,4174E-01  1,9259E-01 -3,8762E-01  1,7513E-01  1,1294E-01  5,6870E-02  3,0948E-01 -1,2778E-01  1,3877E-01 -1,7989E-01  5,1587E-01  5,8099E-02 -2,0660E-01  4,8076E-02  3,8826E-01  1,8855E-01  7,5163E-03 -1,8805E-02 -2,7697E-01  1,4785E-01  1,2858E-02 -4,5643E-01  5,6971E-01  1,3911E-01  4,8621E-01 -4,9174E-01 
-1,9687E-01  1,8143E-01 -3,6392E-02 -2,3325E-01  2,3192E-01  3,0176E-01  9,4781E-02 -1,8138E-01 -2,3180E-01 -4,1167E-01  2,2766E-01  3,8877E-01  1,1775E-01 -3,0769E-02  1,5693E-01  2,4735E-02  6,6058E-02 -1,5480E-01  2,1852E-01  1,8619E-01 -4,0377E-01  4,5529E-01 -3,7132E-02 -1,5514E-01 -9,1752E-03  3,5589E-01 -2,4008E-01 -5,3895E-01  2,5637E-01 -1,7747E-01  4,5750E-02 -4,3314E-01  2,5783E-01 -2,5545E-01  5,4825E-02 -2,0488E-01 -3,6007E-01 -2,5900E-01  4,6583E-01  1,8783E-01 -2,2170E-01 -4,9496E-01 -4,3364E-01 -2,4743E-02 -7,4839E-02 -1,9727E-01 -2,2297E-01  4,9015E-02 
-2,6636E-01  2,7754E-01 -3,2727E-01  1,5540E-01 -1,5110E-01  1,1740E-01 -7,4355E-02 -4,0194E-01  1,6652E-01 -1,1604E-02  3,6659E-01  2,3034E-02 -2,0894E-02  4,2805E-02 -1,6512E-01  1,8621E-01 -5,6811E-01  2,7783E-01  1,3810E-01  3,6630E-01 -6,4264E-01 -1,3769E-01 -4,9494E-01  3,1875E-01  3,0188E-01  2,0284E-01 -4,2096E-01 -4,5076E-01  2,2506E-01  4,6444E-01  8,8188E-02 -6,3931E-01  2,1957E-02 -3,8938E-01 -8,4441E-02  1,2168E-01 -6,8333E-02 -2,3092E-01  4,3435E-01  6,6054E-02  1,6898E-01 -3,3766E-02  5,0480E-02  4,3814E-01 -6,4134E-01 -3,4769E-01 -1,8921E-01 -1,0242E-01 
-1,2574E-01  1,5049E-01 -1,5226E-01 -1,5690E-01 -1,9942E-01 -1,5401E-01 -4,9574E-01 -7,0532E-02  1,4013E-01  5,4342E-01 -6,5160E-01 -1,3913E-01  1,7636E-01 -9,6387E-02  1,7059E-01  2,3485E-01  8,9619E-03 -6,3786E-02  3,1246E-01  3,2431E-01 -3,3363E-01  2,6128E-01  1,0009E-01 -1,9303E-01  1,3125E-01 -3,2496E-01  1,0940E-01 -1,2264E-01 -3,2208E-02 -2,2972E-02 -2,5036E-01  2,2473E-01 -3,2436E-02 -8,2331E-02 -7,9860E-03  4,5443E-02 -5,7182E-02 -2,5224E-03  3,3525E-01  4,6196E-02  9,7587E-02 -9,0690E-02  1,9671E-01  1,6687E-02 -1,6669E-01  1,2644E-01 -2,9021E-01 -6,8891E-02 
-6,1947E-02  2,8856E-01  1,2649E-02 -1,2161E-01  2,9260E-01  1,6055E-01  1,1067E-01  2,8284E-01 -9,3468E-02 -3,0452E-01 -2,3414E-01  2,2863E-01  3,3558E-01 -3,5031E-01  1,2798E-01  8,3303E-02 -2,0391E-02 -3,5038E-01  3,1525E-01 -4,5559E-01  9,6477E-02 -2,7518E-01 -3,2157E-01  9,0992E-02  2,7015E-01 -2,2012E-01 -3,0746E-01 -5,1859E-01 -4,8265E-01  3,6519E-01 -3,5570E-01  4,0004E-03  2,1999E-01 -1,6372E-01  2,0360E-01 -2,2539E-01 -6,2258E-01  2,0850E-01 -7,9712E-02  1,9535E-01  9,4358E-03 -6,9785E-02 -2,0073E-01  3,0489E-01 -3,1198E-01  2,4812E-02  3,2788E-01 -1,0154E-02 
-2,1618E-01  1,5245E-01  3,7716E-01  1,3821E-02 -3,6378E-01 -3,8015E-01 -5,0923E-01  9,5024E-02  1,2004E-01 -3,3642E-01  2,8847E-01  3,2763E-01 -4,1235E-02 -4,2808E-01  4,7780E-02  1,2504E-01  5,6708E-02 -2,1391E-01 -4,5275E-01  4,1359E-01  2,0467E-01  2,8120E-01 -2,9741E-01  8,3225E-02 -2,7999E-02  3,4465E-01 -3,4391E-01  5,3346E-01 -5,6173E-01  1,1669E-01  2,7027E-01  7,8037E-02 -7,3355E-02  3,0622E-01 -1,0840E-01 -3,2386E-01  1,4169E-01 -7,1701E-02 -2,1493E-02 -1,6483E-01 -2,9457E-01  4,2518E-01 -1,4068E-02 -1,4947E-01  3,0556E-01  4,0797E-02  2,1701E-01  1,3305E-01 
-8,9055E-02  3,2275E-01  9,2820E-02 -3,4897E-01  3,4666E-01 -1,0300E-01  8,4915E-02 -2,4527E-01 -1,9544E-01  5,0748E-01  3,2082E-02  8,8445E-02 -7,9792E-02 -4,0631E-01  1,0912E-01  2,7791E-01 -1,5085E-01  3,0584E-01 -2,9927E-03 -4,2750E-02  1,1030E-01 -1,1889E-01  3,5235E-01 -6,7442E-02  1,2670E-01  2,8361E-01 -5,6364E-01  2,7012E-01  4,6383E-01 -4,4409E-01 -2,1714E-01  1,8611E-01 -4,8994E-02  7,1956E-02 -3,3687E-01  1,7550E-02 -1,9181E-01  1,7218E-02 -5,1883E-02  1,1109E-01 -1,9556E-01  3,2611E-01  4,1136E-01 -1,3466E-01 -2,3170E-01  1,2966E-01  6,0945E-01 -4,2371E-01 
-2,6075E-01  4,0643E-01 -3,8231E-01 -3,4167E-02  1,0003E-02 -7,8811E-02  2,5319E-01 -2,3090E-01 -2,0173E-01 -4,6632E-01  4,6686E-01 -3,6603E-01 -4,5834E-02 -3,3976E-01  4,5973E-01 -5,3298E-01  9,1548E-02  6,9056E-01  3,0755E-01 -4,7529E-02  5,8794E-01  2,1562E-01 -4,7921E-01  2,6229E-01 -8,9691E-02  3,4377E-01 -4,3070E-01 -8,2844E-02 -3,6617E-01  2,8834E-01  3,9920E-01 -2,0808E-01 -3,8444E-01 -6,4035E-01  1,7517E-02  4,4965E-01 -1,4621E-01 -2,8186E-01 -3,3102E-01  2,4615E-01 -4,2353E-01  2,3695E-01 -2,1817E-01  6,9761E-03  1,7982E-01 -1,9469E-01 -8,4443E-02  5,1545E-01 
 4,3103E-02  3,2507E-01 -8,8125E-02  3,2737E-01 -5,6856E-01 -9,0596E-02 -3,4604E-01  3,9187E-01  2,6330E-01  6,7398E-01  1,3855E-01 -6,8783E-01 -2,3848E-02 -7,1974E-02  3,8029E-01 -5,3627E-01  4,1672E-01  3,3505E-01  3,7496E-02  1,0214E-01  3,6817E-03 -9,0185E-02  1,0326E-01  3,8531E-02 -3,1104E-01  1,3500E-01 -1,7897E-01  2,8161E-01  2,9444E-01  3,0934E-01  1,0252E-01 -1,0050E-03  2,2412E-01 -3,7056E-01 -7,0312E-02  1,5805E-01  1,8636E-01 -8,4185E-02 -2,4772E-01  1,5155E-01  1,8129E-01  1,1628E-02 -1,5572E-01 -1,7619E-01  6,3271E-02  2,2816E-01 -4,6673E-02  9,0190E-02 
 1,1549E-01 -3,7397E-01  5,9471E-01 -5,1927E-01  7,0888E-01 -2,1358E-01  4,5564E-01 -2,9620E-01 -1,6063E-01 -2,8965E-01 -2,1983E-01  2,2033E-01  2,8466E-01 -4,5704E-01  4,5472E-01 -2,1946E-01  6,0169E-01 -5,1833E-01  2,7752E-02 -6,1682E-01  5,4723E-01 -3,1035E-01 -3,7654E-02  2,6890E-01 -1,7038E-01 -3,0246E-01 -5,9224E-02  1,4538E-01  1,4048E-01 -6,2594E-01 -3,7606E-02  3,7547E-01  1,6510E-01  2,9148E-01  1,6048E-01 -2,0234E-01 -3,2209E-01  3,2641E-01  1,9665E-01  9,7294E-02 -1,0443E-01  1,4789E-01  2,1281E-01 -6,7221E-01  2,1577E-01 -3,3300E-01  1,6512E-02  7,0302E-01 
 2,4317E-02  6,1117E-01 -6,6852E-02 -1,0086E-02 -1,3849E-01 -2,1869E-02  1,5189E-01  3,6519E-01 -9,0796E-03  3,0653E-01 -2,2858E-02  2,5786E-01  3,0687E-01  7,6268E-02 -4,1678E-01 -6,0206E-02  9,2170E-02  2,4773E-01  1,3334E-01 -2,5929E-02  1,5628E-01  2,1144E-01  1,1379E-01 -2,3315E-01 -1,7753E-01 -1,9504E-01  3,4827E-01  4,7743E-01 -2,3942E-02  6,5555E-02  4,3664E-01 -2,2492E-01 -7,0734E-02  1,6398E-01 -7,8181E-02 -1,3748E-02 -1,6912E-01 -1,7786E-01  1,8906E-01 -6,5849E-02  1,1416E-01  5,6565E-02  2,4529E-01 -2,6196E-01  2,1507E-01 -3,6489E-01 -7,6978E-03 -1,3406E-01 
-2,2520E-01  5,1039E-02  2,7297E-01  5,5123E-02 -6,1075E-02 -4,6316E-01 -7,4184E-03 -5,1521E-02  3,1144E-01 -5,6751E-02 -9,2009E-02 -4,4616E-01 -7,1642E-02  7,7177E-02 -3,6731E-01 -5,1795E-02  1,7653E-01 -2,0160E-01 -1,2087E-01 -1,0847E-01  5,0662E-01 -4,2574E-01 -2,6839E-01 -5,1420E-02  5,6616E-02 -1,6792E-01  7,8355E-01 -4,1833E-02  1,7350E-01  2,5440E-02  5,0342E-01 -2,7889E-01 -2,4396E-01 -3,4115E-01 -3,2912E-02  1,5873E-01  1,1415E-01 -7,2191E-02  8,6557E-02 -4,5454E-01  7,4554E-01 -2,5205E-01  6,2733E-01 -1,9103E-01 -5,5352E-01 -1,0262E-01 -2,2673E-01  3,6379E-01 
-5,9896E-02 -5,0809E-02  3,2437E-01 -6,7777E-02 -3,3220E-01 -3,5980E-01 -4,6778E-01  6,4540E-01 -1,7999E-01  1,7885E-01  1,3112E-01 -2,2950E-01 -9,3536E-02  3,0280E-01 -2,2470E-01 -5,4772E-01 -2,2067E-02 -8,3845E-02  3,9456E-01 -3,4648E-01  1,6226E-01 -2,0298E-01 -2,0539E-01 -5,2368E-01  2,8265E-02 -1,4215E-03  2,2666E-03  5,4055E-01 -2,0364E-01 -2,3541E-01 -3,8096E-01  2,3176E-01  7,9305E-02 -4,8160E-02 -6,3545E-01  4,6249E-01 -2,1512E-01  1,5263E-01 -3,9728E-01 -3,0805E-01 -1,8616E-01  6,5482E-01  1,9920E-01 -4,1609E-01  1,8248E-01 -2,8724E-02  3,9384E-01 -4,6829E-01 
 1,6044E-01 -2,8303E-02  9,8844E-03 -2,2913E-01 -4,9758E-01  4,0204E-01  4,1801E-01 -7,4523E-02 -2,0083E-01 -4,4616E-03 -4,3709E-01 -1,6189E-02 -4,1178E-01  2,9948E-01  2,4872E-01  1,4161E-01  1,6266E-01 -3,3004E-01  1,0937E-01 -3,9769E-01  3,5034E-01 -2,8090E-01  8,1860E-02 -9,2180E-02 -1,4906E-01  2,8293E-01 -1,3652E-01 -3,4203E-01  5,0440E-02  8,4172E-02  3,3684E-01 -5,1773E-01  2,4088E-01 -5,2002E-02  5,0688E-01 -5,6803E-01  2,2076E-01 -1,4914E-01 -1,1396E-01 -3,4266E-01 -1,7013E-01  2,3637E-01 -4,5640E-01  2,3468E-01  1,8001E-01  1,3039E-01  2,8708E-01 -2,6720E-01 
-8,5122E-02 -4,9715E-02  3,4827E-01 -1,5987E-01 -2,3991E-01 -9,7017E-02  2,3979E-01  3,9160E-01 -4,8464E-01 -4,7659E-02 -6,7550E-01  4,5961E-01 -4,0522E-01 -2,6860E-01  6,2994E-02  5,2964E-01  6,7645E-01 -5,2939E-01  6,0368E-02  8,4829E-02 -2,9531E-01  1,4221E-01  1,7401E-01 -2,4136E-01 -1,9243E-01 -8,5604E-02  8,9966E-02  3,1866E-01 -5,3236E-01 -4,4732E-02 -4,7517E-01  2,3376E-01  6,2235E-03 -1,0260E-01 -2,4303E-01 -4,2420E-02  2,3842E-01  1,0280E-01 -1,4575E-01  2,6036E-01  1,3336E-01 -8,6381E-02  2,7662E-01 -6,3253E-01 -1,4955E-01 -1,7827E-01  3,6475E-01 -4,1914E-02 
 1,4411E-01  2,1012E-01  1,6287E-02  1,7685E-01 -8,7592E-02  1,0201E-01  4,9727E-01  5,0542E-01 -3,2601E-01 -3,2798E-01 -2,1704E-01  3,5210E-01 -3,5376E-01  3,8312E-01  1,5432E-01  4,4010E-01 -1,6410E-01 -5,0291E-01  1,8050E-01 -1,7312E-01  4,1976E-01  3,3915E-01  8,8553E-02  5,1829E-02 -1,5530E-01  3,9910E-01 -6,1355E-01  8,8165E-02  3,2899E-01 -2,4275E-01 -1,5808E-01 -2,3721E-03  4,4543E-01 -1,2402E-01  1,7562E-01 -2,0918E-01  1,3040E-01  1,5334E-01 -9,3760E-02  3,2009E-01 -5,8648E-01  1,0396E-01 -1,6046E-01 -2,3855E-01  3,9734E-01  1,8331E-01  3,1663E-01 -5,6873E-01 
-1,1676E-01 -7,6250E-02  1,2110E-01 -1,1604E-01  2,7899E-01 -1,9972E-01  1,9416E-01 -4,3162E-02  4,5533E-01 -1,7861E-01 -3,1811E-02 -4,8959E-01 -2,9140E-01  1,7064E-01 -1,1247E-01 -2,5340E-01  2,7319E-01 -1,0427E-01  2,0886E-02 -2,2211E-01  2,1670E-01  6,7680E-02  5,7173E-02  1,4840E-01  1,9261E-02 -3,9878E-02 -6,1208E-01  1,0465E-01 -6,2494E-01  3,8281E-01 -1,3431E-01  4,4146E-01  5,7435E-02 -1,8884E-01  1,2022E-01 -1,1936E-01 -3,2896E-01 -3,6176E-01  1,4278E-01  4,2530E-01 -2,8036E-01  2,0406E-01  4,6101E-01 -2,7209E-01 -1,0414E-01 -1,1843E-01  2,4945E-01  3,4333E-02 
 2,0560E-01 -2,9416E-01  1,9546E-01 -1,4199E-01  1,1607E-01  5,9939E-02 -1,9339E-01  7,6307E-02  3,6860E-01  4,1382E-01  2,6242E-02 -2,9483E-01  2,3866E-01 -6,7851E-02  7,1081E-02 -1,7711E-01  1,8866E-01 -2,4995E-01 -2,8125E-01 -2,1004E-01  3,6133E-01 -3,3592E-01 -1,7847E-02 -9,8414E-02 -2,5951E-02 -5,7515E-01  3,5061E-01  5,6530E-02 -2,3845E-01  5,8600E-01 -1,0735E-01 -8,8900E-02 -2,4556E-02 -2,2053E-01  9,7951E-02 -1,4915E-02 -1,2756E-01  1,2466E-01 -2,0366E-01 -3,9927E-01  1,5813E-01  2,7582E-01  1,5354E-01 -3,7726E-01  3,5607E-01  1,1638E-01 -2,2362E-01  1,2158E-01 
-3,0520E-01  8,0884E-02 -1,0027E-01 -8,4837E-02  6,9793E-01 -1,9963E-01 -2,3540E-02  9,7857E-02 -2,2086E-01  2,4424E-01 -1,0995E-01 -4,2618E-01 -3,4691E-01  1,0384E-01  1,0464E-01  1,6011E-01 -5,0092E-01 -1,7074E-01  5,1098E-01 -4,7143E-01 -4,1302E-01 -6,4923E-02  6,5469E-02  1,1198E-01  1,1993E-01  3,4686E-02  1,3597E-01  5,0171E-02 -4,6392E-01  7,1987E-01 -1,0857E-01  3,8463E-02 -1,8444E-01 -5,2526E-01  9,8022E-01 -3,9393E-01 -1,3544E-01 -2,3257E-02  2,1334E-01  5,0589E-01  3,0399E-01 -4,0850E-01 -3,9362E-02  1,8490E-01  3,1065E-01  4,0320E-02 -1,5821E-01  1,0022E-01 
 2,2031E-01  9,9868E-02 -2,1363E-01  5,2867E-01 -2,7996E-01  2,5499E-01  2,3883E-01 -2,5130E-01 -2,6004E-01 -1,0507E-01 -1,4510E-01 -1,2716E-01  1,1464E-01 -1,6047E-01  1,7981E-01 -3,2483E-01  2,0233E-01 -1,9452E-01  3,2530E-01  2,7852E-01 -1,5107E-01  6,5086E-02  1,3451E-01 -7,1042E-02 -3,7822E-01  1,3398E-01  8,7357E-02 -1,0415E-01  4,0158E-01 -4,6658E-02 -1,3221E-01 -3,3166E-02  1,6288E-01  2,4456E-01 -5,6138E-02 -3,7818E-02  4,8149E-01  1,3438E-01 -7,1351E-01 -9,5923E-02 -2,4112E-01  2,1103E-01 -3,6242E-01  3,3054E-01  1,9874E-01 -1,2670E-01  7,7816E-03 -1,6900E-01 
-1,9692E-01  4,8383E-01 -7,5737E-02  3,0644E-01  1,2953E-01 -3,2968E-02  2,1782E-01 -3,4555E-01 -1,4322E-01 -9,0500E-02 -1,0419E-01  1,6495E-01  4,4307E-01 -1,5961E-01 -2,7495E-01  2,4515E-01 -1,7585E-01  2,3115E-01 -1,1377E-01  3,7579E-01 -1,7187E-01  2,5622E-01 -1,1237E-01 -7,5593E-02  1,4452E-01  1,6530E-01 -1,9806E-01  3,1044E-01  9,2180E-02  4,3215E-02  1,5047E-01 -7,4652E-03 -2,5447E-01  3,7308E-02 -9,3394E-02 -1,3816E-01 -1,9674E-02  1,1679E-01 -8,0129E-02  8,0909E-02 -4,2058E-01  5,0614E-01 -5,5007E-01  7,6329E-01 -1,9633E-01  3,2114E-01 -3,7024E-01  1,5392E-01 
-2,9574E-01  5,9261E-01 -3,7319E-01  1,1764E-01 -3,5187E-01 -1,6673E-02 -2,1040E-01  2,0864E-01  4,8685E-01  6,9057E-02 -8,5378E-03 -2,3749E-01  6,3736E-02  1,5448E-01 -2,6660E-01 -5,3217E-01 -8,7688E-02  1,1467E-01  1,0234E-01 -1,1223E-01  2,7322E-01  1,6420E-01 -4,7277E-02 -2,6655E-01  6,4719E-02 -2,9167E-01 -1,5307E-02 -2,3633E-01 -2,1947E-01 -2,0440E-01  2,3900E-01 -4,4279E-01  4,6741E-01 -1,0376E-01  1,7580E-01  1,0857E-01  1,3875E-01 -3,9937E-01 -1,2321E-01 -1,3971E-01 -6,4392E-02 -1,7163E-01  5,9408E-01 -4,4703E-01 -2,2771E-03 -1,5273E-01 -3,2562E-02 -1,2995E-01 

Compression quotient: 0.8785850262313543
